CONTROLN	STATE	GENDER	HV1	IC1	IC4	HVP1	IC5	POBC1	POBC2	IC2	IC3	AVGGIFT	TCODE	DOB	DOMAIN	TARGET_D
190579	CA	M	3200	310	343	83	17224	31	32	311	333	3.106060606	1	0	U1	4
42997	FL	F	1567	392	409	27	18631	4	10	391	434	6.5625	2	1808	C1	7
132896	OR	F	953	319	455	1	15729	3	45	379	387	15.57142857	2	4410	T1	25
120189	TX	M	492	244	301	3	10818	0	92	260	284	19.375	0	0	T2	25
138829	AZ	feamale	847	185	308	0	11582	3	20	238	225	11.5	28	3601	T2	25
167462	CA	M	2645	644	697	87	20782	26	46	655	682	8.75	0	3601	S1	15
160401	CA	F	1952	335	398	48	15290	6	55	365	367	13	28	3101	T2	13
174934	OR	F	1305	391	471	19	19716	7	40	456	448	7	28	0	S2	5
2020	CA	F	3556	735	805	98	34382	9	55	701	838	7.35	2	2401	S1	7
74235	MI	M	473	327	363	1	12580	0	94	338	348	13.5	4	4912	T2	26
167039	CA		3201	497	591	92	19656	9	72	552	539	5	0	0	S1	5
165509	CA	M	2213	447	491	77	16702	7	62	447	491	4.95	0	0	C1	10
151653	CA		1455	376	426	7	14860	19	39	417	393	6.35	0	2401	U3	10
100132	MO	F	393	216	301	0	10107	0	71	258	258	10	0	2401	S2	15
161726	CA	F	2453	438	475	86	15707	16	45	451	436	5.8125	0	4601	T1	7
125986	TX	M	533	246	308	1	10096	3	75	276	287	13.375	0	4610	T2	17
185394	MI	F	647	285	338	0	12910	7	80	317	300	8.916666667	2	2702	S2	5
43799	FL	F	1044	366	499	15	22427	8	35	318	458	13.16666667	2	5801	T2	20
185464	KY	M	702	308	397	0	14670	9	23	348	337	11.11111111	1	3910	T2	15
125325	TX	M	852	516	556	1	16206	4	46	540	535	14.62347826	13	1709	S1	20
112679	OK	M	1045	528	618	1	19402	3	48	538	604	15	1	4801	S1	20
2415	CA	F	5501	817	958	98	41734	33	36	924	870	17.5	28	5501	S1	25
166866	CA	F	3921	754	835	96	33998	7	50	804	799	10	0	0	S1	12.5
4211	TX	F	919	425	697	10	25784	4	63	562	558	17.92307692	2	402	C1	25
182395	WA	F	755	210	313	2	11983	9	39	315	244	16.5	28	2601	C2	10
188178	NV	F	1383	410	562	14	22875	8	8	464	499	7	28	0	S2	8
147835	CA	F	3694	421	666	97	28021	25	41	611	601	32.22222222	0	0	C1	20
5532	MD	M	1690	598	700	29	24959	4	30	655	653	9.928571429	0	2104	T2	15
128857	TX	M	438	213	264	0	7722	23	47	213	265	26	1	4801	C3	15
40058	FL	F	1187	400	469	12	21608	12	11	448	438	11.66666667	2	1007	C2	25
179377	WA		1617	398	490	29	14123	4	59	414	457	7.5	0	0	0	10
166207	CA	M	1367	342	355	4	14197	2	57	329	359	6.75	1	0	U2	9
124227	TX	U	267	121	94	0	4567	0	69	72	169	13.875	0	0	C3	25
7173	TN	F	854	321	427	0	16171	0	58	389	372	17.73333333	2	3008	S1	32
85152	MN	M	493	244	395	1	12517	1	87	311	314	12.5	2	0	R3	10
32807	FL	M	700	327	375	0	11551	9	44	360	355	5.444444444	1002	3301	S2	5
268	FL	F	1765	327	562	44	27674	14	8	465	442	22.38095238	0	607	C1	33
109514	LA	M	0	0	0	0	0	0	0	0	0	5.666666667	0	3601	T2	6
181644	WA	F	929	327	352	8	12995	5	47	369	314	8.5	0	5707	C3	12
62585	NC	feamale	581	231	332	1	11794	0	90	267	288	14	0	5001	C3	25
163354	CA	F	4313	748	811	98	27850	16	54	783	752	11.85714286	0	604	U1	10
98672	IL	M	470	274	337	0	11192	1	91	313	282	4.2	0	6506	C3	5
190614	CO	F	1159	572	561	0	17337	6	28	557	574	6.230769231	0	0	S1	3
155607	CA	F	3152	853	950	81	35415	10	45	891	908	34	0	5401	S1	38
161804	CA	M	1137	348	444	5	11621	27	54	362	425	9	1	3906	R2	5
11348	FL	M	912	313	442	8	18554	6	14	370	379	12.16666667	0	0	C2	5
111380	AR	M	332	219	296	0	9763	0	84	257	261	7.133333333	1	2801	R3	10
86578	ND	M	247	195	259	0	8189	1	87	220	231	5.5	2	1201	R3	15
157904	CA	F	2190	611	709	63	23641	16	43	655	669	6.5	0	4401	S1	6
140924	NV	M	1117	461	450	3	16614	6	28	461	461	6.428571429	1002	0	S2	7
32972	FL	F	814	268	312	1	10427	3	46	282	298	10.4	0	5511	S2	12
149541	CA	F	1814	328	410	27	10846	40	43	418	380	10.66666667	2	3601	S2	10
182604	WA	F	403	195	365	0	11859	8	63	288	237	20	0	2801	T2	15
103876	MO	F	613	264	357	0	12334	2	64	323	300	10.66666667	28	3001	C2	20
65999	MI	M	2712	1022	1079	81	49631	13	44	1144	989	18.42857143	2	1909	C1	25
104394	KS	F	958	467	582	8	18211	3	45	499	525	7.6	28	3501	C1	10
117524	TN	F	1129	332	537	12	22706	8	43	445	429	20.83333333	28	4402	S1	25
147904	CA	F	4984	630	777	98	27747	24	41	702	734	12.14285714	0	1501	S1	50
105815	KS	M	452	270	324	0	11198	4	62	300	297	14.8	1002	5001	C3	20
31778	FL	M	986	485	539	11	18013	2	26	495	530	20.11111111	1	4308	T1	25
112084	AR	M	655	215	305	3	12067	1	31	247	267	14.44	1	2410	R2	14
58850	KY	M	459	133	258	0	13898	0	81	195	237	3.52173913	1	2201	T2	6
185901	TX	M	674	317	553	2	19769	0	57	402	458	5.363636364	2	801	0	10
134566	UT	F	728	265	339	2	8896	2	54	304	315	10.35714286	0	0	S2	10
185819	CA	M	4153	580	891	91	35520	13	41	886	640	12	2	1601	S1	13
3985	TX	F	348	197	265	0	7978	3	87	223	239	10.22692308	0	2612	R3	12
23321	SC	F	869	426	511	4	17534	0	68	505	465	7.25	0	3011	T1	10
158978	CA	M	1876	393	450	24	11692	25	46	404	419	10.83333333	0	5009	S2	15
14388	FL	M	865	341	432	3	15630	7	21	387	392	6.266666667	1002	6206	S2	10
12779	CA	M	666	213	288	1	8943	14	47	253	268	8.166666667	1	1407	R3	10
39667	FL	M	809	358	446	8	16099	10	32	389	411	13.71428571	0	2209	S2	15
163731	CA	M	4763	502	609	97	24002	26	42	534	551	9.888888889	1	5401	S1	11
156457	CA	F	0	0	0	0	0	0	0	0	0	15	0	5308	U2	25
100369	MO	F	987	296	412	1	17097	2	76	354	344	28	2	7201	S2	28
46201	FL	M	2444	729	782	70	28668	8	33	780	737	15	1	3001	S1	15
118182	TX	M	503	213	292	1	9495	1	71	255	262	4.5	0	2301	R2	5
67	NM	F	1004	189	313	0	12667	2	32	247	236	5.05	0	1801	C2	5
116951	TX	F	1565	717	784	0	27276	9	27	780	704	6.1	0	1404	U3	6
160032	CA	F	872	294	356	0	12433	7	62	307	343	20.4	0	0	C2	25
60694	IN	F	501	305	399	2	13073	2	61	374	354	20.77777778	0	0	R1	25
80387	WI	F	331	154	273	0	10270	2	90	237	217	4.444444444	0	1401	T3	5
158143	CA	M	620	236	309	1	10406	2	60	270	279	12.36142857	1	4007	S1	16
25277	SC	M	747	369	488	0	18371	1	35	457	396	15	1	2101	T1	17
179454	WA	F	936	237	308	1	9875	22	48	304	257	9.5	28	2501	U3	20
145899	NC	feamale	1491	396	566	22	26286	1	42	489	472	14	0	0	S2	20
183790	WA	F	756	333	430	6	14127	1	57	372	391	8.769230769	0	0	R2	14
119538	TX	F	487	217	262	0	10468	17	59	222	247	9.888888889	0	3602	C3	16
24991	SC	M	651	310	382	1	12428	1	73	345	337	7.611111111	1	5201	T2	11
113501	OK	F	693	404	486	0	16698	3	54	479	439	5.125	0	6201	C2	5
185353	CA	F	1063	150	223	10	6871	26	38	148	206	3.035714286	28	1801	U4	3
72308	MI	F	609	403	466	0	14455	2	87	424	422	19.25	0	2002	T2	46
110519	LA	M	732	366	459	0	16287	1	71	374	432	10.70588235	2	3801	R1	17
124193	TX	U	439	268	341	0	10164	1	72	301	307	5.8	0	0	R2	6
181526	WA	F	871	339	384	2	11889	2	51	355	363	9.5	0	0	T2	13
2796	AK	Male	682	374	469	3	17213	3	29	423	416	15	0	0	R2	25
67954	MI	F	313	159	274	0	7661	1	76	256	220	16.25	0	3101	U4	35
93809	IL	M	1059	334	528	0	17632	15	75	513	392	7.583333333	1	2003	U2	10
109520	LA	M	687	257	328	0	10271	0	79	310	291	9	1	4501	T2	15
76051	IA	M	397	248	313	0	10348	2	20	270	296	14.4	1	4207	S3	20
145521	CA	F	2516	595	691	80	22684	15	40	649	641	13.65517241	0	0	U1	16
87533	MT	feamale	747	289	387	3	14744	1	54	318	347	11.625	0	2401	R1	5
82026	WI	F	506	270	346	0	12940	0	81	323	326	8.6	0	2201	T2	12
97055	IL	F	412	311	380	0	13227	0	84	354	342	9.333333333	0	3001	R2	22
74701	MI		360	206	267	1	9463	1	70	239	233	9.142857143	1	1901	R3	20
183374	WA	male	423	208	296	1	9445	24	43	229	261	4.380952381	1	0	R3	10
28565	GA	F	745	304	342	1	14465	17	39	275	353	5.166666667	2	0	C3	7
139628	NM	M	691	284	337	0	11852	1	46	294	319	17.16	2	3801	U2	20
113686	OK	J	657	358	366	0	10889	5	34	366	357	10	1002	5701	C2	15
123862	TX	F	978	428	609	1	23102	7	43	559	475	4.333333333	0	7001	C1	3
151629	CA	F	1586	308	369	10	11913	12	32	321	337	9.5	0	3601	U3	15
5404	LA	U	587	291	331	0	10789	0	75	302	317	17.53846154	0	3611	T2	10
150516	CA	F	3304	567	669	82	21745	42	37	614	629	24.05882353	28	1501	S1	25
31911	VA	F	800	294	376	1	13480	0	63	358	333	4.285714286	0	0	S1	5
2379	MI	M	1596	549	672	31	23345	3	71	603	631	10.875	1	4809	T1	10
151455	CA		2105	301	395	55	13279	47	36	314	372	15.33333333	0	0	U4	20
90499	IL	F	1480	560	718	25	22088	16	51	684	635	7.617021277	0	5208	C1	10
177307	OR	F	585	216	292	1	10423	4	42	266	255	9.727272727	28	0	C3	10
65423	MI	F	1033	488	651	0	22157	5	72	611	565	10.33333333	3	3401	S1	10
95800	IL	M	340	147	252	0	7173	5	58	178	217	10.2	1	1004	S3	20
91965	IL		1708	342	455	11	21795	21	70	413	374	12.6875	2	4505	S2	16
104721	KS	F	1419	694	777	13	25024	1	29	698	766	7.363636364	0	6701	S2	10
165177	CA	F	2698	563	599	89	18228	27	49	593	572	10.81818182	0	0	U1	5
156929	CA	U	2688	306	449	88	24944	5	37	367	418	8.642857143	0	0	U2	15
52549	TN	M	556	202	389	1	14382	0	81	346	270	13.11111111	1	5501	R2	30
51706	TN	M	972	193	318	16	8716	0	71	278	281	11.42857143	0	4808	T2	15
117969	TX	F	498	227	315	0	10907	1	62	278	282	7.454545455	28	3001	C1	9
2235	FL	M	878	285	410	10	16534	4	6	331	349	10.47058824	1	3204	C2	12
161023	CA	M	883	281	362	1	11791	8	59	333	315	14.85714286	2	2801	R1	20
139887	NM	F	670	231	290	2	9443	2	52	287	282	11.66666667	28	0	R2	20
186212	NM	M	589	270	325	0	10889	5	45	317	292	8.588235294	1002	1008	C1	7
162759	CA	F	2620	481	523	82	16047	48	36	490	519	14.42857143	0	4001	S1	18
95654	IL	M	677	426	489	0	18718	2	71	466	442	10.66666667	1	3308	S2	20
101774	MO	F	464	164	285	0	9685	1	64	257	224	8.222222222	0	6201	C3	8
21710	NC	M	600	257	349	1	12433	2	64	308	292	9.52631579	2	0	T2	10
65565	MI	F	707	282	474	0	15832	13	73	393	383	4.176470588	2	701	U2	10
171631	CA	F	1537	495	544	19	17689	13	58	509	528	11.19230769	4	5302	S1	10
24869	SC	F	682	366	498	2	14538	3	63	464	421	8	0	6001	T2	8
129846	SD	M	867	483	536	2	18757	1	51	492	524	12.5	1	4201	T1	11
150379	CA	F	1943	312	381	45	16083	12	54	353	355	20	0	0	S2	20
36590	FL	M	1037	439	529	0	18050	44	27	456	511	10	1	4801	S1	10
59744	IN	F	595	284	406	0	13860	0	77	317	333	9	28	5408	T2	16
31893	IL	F	375	267	296	8	8354	6	13	270	295	20	0	0	T2	20
46884	AL	F	397	229	386	1	13233	0	74	329	336	9.777777778	0	0	R3	15
66745	MI	F	584	283	386	0	14843	4	68	386	307	15	28	7201	0	5
10709	WA		534	206	272	1	9104	1	48	231	248	13.55555556	0	0	0	23
73984	MI	M	362	209	275	0	8558	1	91	235	246	9.722222222	0	3305	R3	10
27597	GA	M	991	493	548	3	17344	2	46	506	532	5.8	1	5801	T1	9
150587	CA	U	1805	398	447	33	14703	11	58	394	441	10.66666667	0	0	S2	20
187191	GA		2639	436	764	68	35502	3	39	594	584	15	0	0	C1	25
85357	MN	F	476	202	304	0	10581	2	80	274	236	10.73333333	2	2908	R2	15
156866	CA	M	3393	537	580	97	22083	6	50	553	589	20	14	2201	U1	25
164513	AE	F	0	0	0	0	0	0	0	0	0	12.5	0	4701	C1	50
163369	CA		2250	181	167	99	11346	44	16	159	192	6	0	0	U2	6
551	TX	F	340	180	279	1	9343	3	80	227	235	15.33333333	2	1201	T2	20
18750	NC	female	482	302	462	1	15573	0	72	328	396	12.5	0	5201	T2	20
81277	WI	F	322	233	320	0	10317	0	84	258	291	15	2	4401	R1	25
128121	TX	F	655	406	481	0	16426	1	72	432	430	9	0	0	S1	10
84199	MN	F	908	487	493	0	14526	0	79	482	499	5.090909091	0	2501	S2	5
183476	WA	F	718	471	541	3	18190	4	59	508	497	11.07692308	2	5008	T2	25
162994	CA	M	2750	252	392	75	19558	34	20	332	302	10.66666667	1	0	U1	10
32040	GA	M	397	184	285	1	9831	0	91	219	237	9.333333333	4	2801	C1	20
65968	MI	M	1040	220	278	4	14610	0	56	309	256	7.9375	1	6105	C1	9
135896	Arizona	M	675	186	265	17	11355	2	7	238	207	6.111111111	0	2501	C3	2
46461	FL	M	719	381	410	0	13552	2	36	398	389	11.33333333	1	1801	C2	12
2396	FL		588	233	266	1	10309	10	21	249	254	8.333333333	0	0	T2	5
93500	IL	F	1053	368	465	0	15176	20	73	419	402	8.333333333	0	3705	U4	10
90899	IL	F	419	279	303	0	7285	0	72	295	296	12	28	3912	S3	17
116542	TX	U	481	172	264	1	9264	0	79	218	227	15	0	0	R3	20
29868	GA	F	803	397	441	2	15380	3	49	407	432	20	0	5901	T2	25
171521	CA	F	886	318	388	6	12332	12	58	339	360	5.222222222	0	0	R2	6
18953	NC	female	1093	580	636	19	20815	2	37	587	629	7.333333333	0	4303	S1	11
102780	MO	F	257	148	273	0	10050	1	75	264	194	10.125	0	1208	R2	16
136372	Arizona	M	1453	419	497	17	24530	10	2	426	486	25	1	1901	C1	10
19581	NC	female	821	427	475	0	15937	0	64	433	456	6.654411765	2	3703	S2	25
121410	TX	M	931	416	725	12	29273	10	47	636	543	15	1	3101	U1	15
99736	MO	F	496	330	390	0	13546	0	87	349	360	5.571428571	0	5101	T2	20
54441	MS	female	463	181	258	0	8369	0	56	231	227	12.75	2	4107	R3	30
144735	CA	F	5649	750	888	96	37961	6	56	828	801	8.615384615	0	2709	U1	10
39257	FL	J	1093	364	441	2	15640	6	30	424	392	9.25	1002	7001	S2	25
136716	Arizona	M	852	344	498	0	19967	9	14	450	394	12.5	1	0	C1	25
145310	CA	F	3100	133	497	79	18262	35	25	488	306	18.33333333	0	4911	U1	20
40351	FL		1074	505	553	4	16470	5	26	524	528	28	0	0	S2	30
43321	FL		1452	352	467	12	20619	4	5	397	410	25	0	2301	C1	25
14009	MI	F	813	246	313	6	11406	4	65	263	297	9.25	0	3401	0	3
187517	TX	M	333	205	319	0	10286	1	81	219	278	16.42857143	1	0	R2	25
22924	SC	F	536	261	307	0	8438	0	88	296	278	4.944444444	2	2101	C3	10
65124	MI	F	850	484	495	2	17174	0	88	501	465	8.230769231	0	0	T2	5
98437	IL	F	443	268	380	0	12966	1	87	347	320	5.727272727	0	201	R2	10
54369	MS	M	467	206	308	1	9725	0	83	261	260	6.666666667	1	0	R2	6
155856	CA	F	1207	284	488	8	19872	12	46	303	458	7.25	0	1501	C2	10
107321	NE	M	490	250	345	0	11320	2	84	299	288	3.269230769	1	5201	T2	20
139500	NM	F	805	207	289	0	10226	5	49	243	237	8.266666667	0	1610	U2	20
108381	LA	M	638	220	291	0	11076	19	54	243	255	15.66666667	1	0	U2	20
129653	CO	M	1208	571	660	2	20295	2	38	594	616	15	1	5201	S1	15
102795	MO	M	198	208	297	0	9961	0	86	252	261	15	1	2001	R3	10
178085	OR	M	443	204	267	0	9473	5	21	218	232	10.42857143	2	4403	T2	20
12819	MO	F	1284	410	642	35	24921	3	74	539	532	13.44444444	3	1101	S1	20
99543	MO	M	675	312	365	1	10538	1	81	352	343	5.785714286	0	2301	R2	15
65804	MI	F	668	272	391	0	17206	11	75	369	311	6.411764706	0	0	S2	10
35947	FL	F	575	232	289	0	9634	17	27	259	255	7.666666667	2	2505	S2	14
152961	CA	F	2375	428	571	75	23387	13	36	471	535	20	0	3401	C1	8
161129	CA	F	1091	330	397	9	14093	2	62	348	382	11.95238095	2	2201	R2	20
177315	OR	M	1015	354	422	5	13340	8	38	360	404	8.25	0	3805	T2	15
104755	KS	M	1413	634	755	21	27583	3	16	665	727	8.285714286	2	2001	S1	16
147838	CA	F	3738	534	683	86	26455	24	42	581	599	16	0	3001	S1	20
182748	WA	male	849	281	380	10	14308	4	48	327	327	13.30769231	2	2501	C2	12
177238	OR	F	871	309	390	8	15151	2	45	344	362	9.55	0	3207	T2	12
191138	TX	F	571	300	366	1	10689	2	67	333	336	15	0	4201	T2	15
133932	WA	male	0	55	89	0	8170	4	29	68	63	4.555555556	0	0	R3	5
120608	TX		375	182	232	0	8256	4	72	207	208	15	0	0	C3	15
11562	CA	F	3435	490	614	91	26467	26	40	546	560	32.30769231	0	2501	S1	50
87541	WA	F	466	211	289	0	10094	4	61	252	244	5.625	0	4501	R2	5
1722	CA	M	1668	648	668	12	20187	9	60	664	663	13.38461539	1002	5207	C1	10
32843	FL	M	546	283	322	0	10785	0	63	256	344	15	1	5901	C3	15
77439	WI	male	713	360	429	0	12547	2	91	372	408	11.3125	2	3101	R2	17
140457	NM	M	576	263	338	1	12326	0	51	355	304	6.04	1	2401	T2	10
70144	FL	F	585	459	427	0	8656	0	33	393	445	13.58333333	0	1711	S3	15
157947	CA	F	2022	441	569	52	21300	14	44	534	496	4.777777778	0	0	U1	5
137680	Arizona	Female	786	220	318	2	11624	2	27	264	274	6.222222222	0	2308	R2	5
153708	CA	F	1406	431	556	21	21369	21	35	536	453	15	28	0	U2	21
27217	GA	F	503	239	324	1	10308	0	84	275	287	20	0	0	R2	15
1442	MO	F	1602	459	593	32	18855	4	67	475	561	18.42105263	0	5901	C1	24
38327	FL	M	736	274	316	0	11510	69	16	276	311	10.4	1	1103	S2	11
109287	LA	F	393	130	213	0	5559	0	92	147	178	4.363636364	0	0	C3	5
77784	WI	F	987	430	521	2	18625	1	80	469	476	10	0	7102	S1	16
22098	NC	female	529	254	326	1	11595	2	73	301	284	2.439814815	2	2801	T2	2
156224	CA	M	4933	691	816	94	37073	14	26	736	762	26.5	0	4701	T1	30
169224	CA	F	1178	482	573	0	16952	3	48	507	543	15.57142857	0	2201	C1	36
146341	CA	M	2397	409	459	77	16946	13	47	486	402	9.9	1	1701	U2	20
102630	MO	M	651	336	459	0	15058	0	75	415	395	3.578947368	2	0	R2	5
119362	TX	F	1711	400	810	34	33841	2	66	806	566	16	28	2001	C1	45
92962	CA	M	3663	749	818	87	27400	14	52	777	784	20	1	0	U1	20
14420	SC	F	473	300	373	0	11482	0	80	319	333	8.666666667	0	403	T2	10
157687	CA	F	4954	1106	1146	99	42857	6	55	1195	1086	7.444444444	0	3801	T1	15
145436	TX	M	775	494	467	1	14903	5	59	465	489	25	1	0	U1	10
62795	IN	F	505	273	356	1	10974	1	43	330	316	20	0	0	R2	20
80153	WI	male	416	247	340	0	11789	2	62	297	292	15	0	2301	C3	5
21107	NC		678	260	335	4	11906	1	56	289	303	8.777777778	1	1907	T2	7
164551	CA	F	1158	369	386	3	11592	3	64	398	373	4.090909091	0	0	C2	3
53485	TN	F	861	248	328	0	16517	6	44	314	278	7	28	0	S2	7
25331	SC	F	407	157	260	0	7762	1	79	193	221	16.66666667	0	0	R2	22
189130	IL	M	1094	363	444	2	15967	23	66	388	421	20.83333333	1	2810	U2	51
190840	IL	M	485	297	340	0	10899	3	60	309	329	21.25	1	4912	C3	25
341	GA	F	517	327	416	0	12605	0	87	375	389	11	0	3011	R2	25
109240	LA	M	445	180	256	1	7560	0	96	210	226	6.321428571	0	3711	T3	7
6028	NE	M	2458	1178	1118	73	58088	6	56	1203	1095	13.58139535	4	4912	S1	15
169722	CA	F	1428	301	297	3	9201	29	49	277	322	25	0	4701	C2	20
91467	IL	F	693	407	386	1	11864	0	81	399	390	6.588235294	28	4106	T2	8
88537	IL	M	873	211	319	0	14513	4	75	291	251	3.173913044	1	2106	T2	5
162740	CA	F	2807	478	542	92	17103	21	58	497	504	12.75	0	2201	S2	14
123622	TX	M	351	241	304	0	9113	19	61	278	283	14	1	5401	S3	25
12370	CA	F	2067	489	583	53	19624	10	54	534	540	450	0	0	C1	20
91453	IL	F	999	411	496	12	15934	2	80	453	465	18.71428571	0	0	T2	21
42543	FL	M	419	218	305	1	9540	8	53	243	277	8.75	0	0	R2	20
89768	IL	M	962	327	465	1	14486	11	69	479	361	5.111111111	2	0	S2	11
139175	NM	F	542	220	298	1	9481	2	56	252	272	11.51351351	0	0	R2	10
83559	OK	M	780	278	414	1	14360	3	36	323	345	14.14285714	1	5902	U2	10
113312	OK	F	1229	546	700	4	30054	4	60	649	555	5.214285714	2	2301	C1	5
117329	TX	F	928	408	452	2	17067	1	48	452	444	12.83333333	28	2712	S1	15
56674	KY	M	335	137	195	0	6927	1	80	205	166	6.666666667	1	2101	U4	15
40105	FL	F	700	228	326	0	13851	24	27	277	309	15	0	4608	S3	23
76914	IA	M	337	220	301	0	8147	0	87	265	258	9.714285714	0	0	R2	15
7947	MI	M	557	279	372	1	12466	2	69	337	321	9.074074074	1	1612	R2	11
166350	CA	F	3333	690	913	94	37495	9	50	871	759	20.83333333	0	5201	S1	25
2151	CA	M	1126	243	285	6	8614	39	38	261	275	20.8	1	5001	C3	25
107298	NE	F	0	0	0	0	0	0	0	0	0	38	0	4401	S2	43
37762	FL	M	1987	403	633	49	29344	47	20	524	567	14	1	3401	C1	30
117383	TX	F	0	0	0	0	0	0	0	0	0	15	2	4801	S2	21
174375	OR	F	1093	315	483	7	15130	5	44	431	386	25	28	5801	S2	25
102742	MO	M	238	176	287	0	10253	0	82	225	233	6.636363636	1	4401	R2	9
53793	TN	F	966	517	569	2	18463	3	47	528	547	7.714285714	28	4901	S1	5
59070	KY	M	377	234	285	0	9657	0	85	252	276	10.25	1	5003	R3	10
107279	NE	F	825	417	503	2	16332	2	68	459	453	4	0	4701	S1	4
88886	IL	M	962	391	486	12	17404	3	67	444	452	35	1	5411	R2	40
190552	NM	M	1082	482	609	2	22454	4	24	566	522	10.08333333	1	3501	0	7
148869	CA	M	2362	613	678	74	21179	9	61	632	655	13.375	1	6401	C1	15
146463	CA	U	2163	484	581	67	17262	7	66	522	537	4.833333333	0	2601	U2	5
85204	MN	M	359	168	269	1	9568	1	85	258	203	11.91666667	1	2210	R2	20
143782	CA	M	5854	927	993	99	45167	15	43	1077	920	28	1	4801	S1	25
17102	NC	female	685	271	396	1	13235	0	67	314	339	5.692307692	2	0	T2	7
190157	NC	female	603	173	329	4	12562	3	84	215	239	9.857142857	0	0	T2	15
93681	IL	M	682	322	336	1	8194	0	62	359	297	12.33333333	1	2309	U3	16
105741	KS	M	581	295	402	1	13925	5	65	349	349	17	2	4401	S2	20
98962	IL	F	380	229	351	1	11773	1	86	277	299	11.66666667	0	2308	R2	25
32552	FL	F	1229	469	544	21	17313	2	30	502	507	7.5	0	3802	T1	20
23465	SC	F	689	313	350	0	12601	1	69	320	343	12	1	2701	S2	15
155130	CA	M	1715	607	660	34	21473	10	55	619	647	4.8	1	4901	S1	4.5
15017	FL	F	762	254	411	7	17458	7	13	355	327	8.761904762	0	0	0	18
123438	TX	F	683	449	507	0	19552	6	50	471	484	6.8125	0	6601	T2	3
178796	WA	F	1648	395	542	28	22216	5	50	488	480	8.538461539	28	3503	S1	9
143790	CA	F	5907	1285	1144	99	91205	18	26	1340	1063	16	2	4101	S1	15
173737	HI	M	1473	327	382	23	12051	17	67	324	395	20.66666667	1	1801	T2	20
57017	FL	F	484	150	266	0	11909	8	11	243	195	20	0	0	T2	20
131551	CO	M	645	214	313	0	14783	3	32	308	251	8.916666667	1	1710	C2	10
72796	MI	M	577	375	394	0	15853	1	74	380	389	9.571428571	0	4905	R2	15
178498	WA	male	1642	275	485	30	19679	10	32	388	349	11.83333333	0	2802	S2	15
77742	TX		1163	378	526	11	23408	4	41	459	439	5.4	0	0	R2	5
21204	NC	female	675	305	427	0	16318	2	69	373	365	6.409090909	2	4001	C2	8
71146	MI	F	602	336	391	0	12418	1	87	366	363	9	0	7401	T2	10
161230	CA	F	746	346	368	0	10165	3	64	352	363	15.76470588	0	5207	T2	20
67712	MI	F	459	116	533	0	19070	3	41	518	280	27.42307692	0	801	U2	100
178540	WA	F	922	232	361	3	13725	5	52	298	298	8.5	0	1501	T2	15
35306	FL	F	833	277	387	0	14317	8	21	350	329	12.25	0	5610	C2	25
14984	MN	M	1793	781	849	38	27481	1	66	796	832	14.28571429	1	5401	0	15
53295	TN	F	470	235	318	0	8963	0	80	292	275	12.5	0	5401	U3	15
115398	OK	F	338	203	284	0	9618	0	76	254	242	5.076923077	0	2901	R2	5
24610	SC	M	420	225	285	0	9634	0	90	253	249	4.9	0	1701	R3	4
116993	TX	M	1576	388	579	8	24013	0	71	418	528	12.85714286	1	1	U1	10
80800	WI	F	677	282	370	0	11541	0	84	303	334	8.428571429	2	3001	R2	8
72757	MI	F	559	344	403	0	13072	1	85	361	378	11	2	1105	R2	21
38642	FL	M	731	350	432	4	13977	24	33	385	401	15	0	7401	S2	10
179293	WA	male	1196	327	456	4	16530	3	49	406	382	10.46153846	2	0	S2	10
79427	WI	F	718	410	462	0	14721	1	80	443	425	8.578947368	2	3508	T2	10
99813	MO	M	460	223	297	0	9579	0	72	265	257	11	1	4701	R3	20
368	CA	M	2257	485	523	78	17885	8	50	541	488	6.5	1	2205	U1	10
129200	CO	F	726	370	406	0	13631	3	37	426	388	9.2	2	4801	S2	14
171215	CA	M	1327	397	442	8	15850	6	54	409	435	11.33333333	1	4701	S1	17
41222	FL	M	956	348	417	3	13177	2	33	344	412	11.44444444	1	6509	S3	20
44410	FL	M	565	154	193	0	6724	3	31	163	180	6.909090909	1	2506	T2	8
175057	OR	M	987	361	485	1	18610	3	45	440	400	12.11111111	1002	5109	T2	19
83959	MN	F	1138	545	672	1	23589	3	71	613	602	9.68	2	3805	S1	16
35877	FL	F	535	226	265	1	9934	3	32	236	250	4.285714286	28	2401	S3	5
96763	IL	F	427	71	253	0	6671	1	72	141	121	10.75	2	1805	C2	20
144691	CA	M	5806	778	896	99	50987	10	46	871	830	20	1	4701	T1	20
180805	WA	F	1413	306	435	22	18792	13	46	329	397	6.666666667	2	2401	R2	20
180050	WA	F	1180	333	464	4	20815	8	54	385	414	12.9	0	0	S2	25
111592	AR	M	318	53	152	0	3748	9	83	105	113	17.45454546	1	2109	C3	16
66087	MI	F	554	414	445	0	15267	4	69	424	432	7.866666667	0	4912	T2	20
121554	TX	F	1900	404	664	43	34592	16	38	582	498	5.2	28	6301	U1	6
137429	Arizona	M	866	387	491	1	24381	4	0	453	428	25	1	1301	C2	25
127171	TX	F	1223	313	538	22	17822	1	62	419	444	9	0	1601	R1	15
167517	CA	F	2324	374	484	64	14229	13	64	404	445	10.6	0	0	R1	25
14386	MO	F	2528	439	686	53	32768	4	44	591	542	24.77777778	2	1101	S1	10
184011	WA	F	1183	217	628	26	24703	0	52	528	379	37.5	28	1502	C1	25
121967	TX	M	655	318	324	0	8044	40	41	315	328	8.75	1	3801	S2	15
20194	NC	female	399	211	295	0	9617	0	79	259	249	6.2	28	3601	T3	10
84967	MN	M	418	190	403	0	13707	0	88	290	244	10.71428571	0	4805	T2	15
93684	IL	M	595	385	419	0	12802	2	63	394	406	8.875	1	4202	U2	11
92802	IL	M	0	0	0	0	0	0	0	0	0	11.33333333	1	4210	U1	10
24900	SC	F	548	289	388	2	11933	0	72	327	340	11.66666667	0	5201	T2	25
121926	TX	F	1125	227	279	0	15743	2	55	287	246	10.25	28	0	S1	20
12003	CA	F	3626	749	838	96	30685	9	45	785	795	12.3125	28	2901	U2	20
7852	NE	F	503	261	308	0	9917	0	61	267	290	8.863636364	2	0	T2	10
111137	AR	Female	545	257	301	1	10669	0	59	265	301	17.625	0	0	C2	21
47688	AL	F	455	257	389	1	13452	0	84	350	321	12	0	0	R2	10
25576	GA	M	1201	317	507	3	19960	3	52	408	426	7.818181818	0	1401	S1	21
127392	TX	M	592	188	359	0	14406	0	53	406	240	16.27272727	1	4108	C1	23
77495	WI	F	614	340	428	1	14439	1	88	388	377	7.636363636	0	0	T2	10
87210	MT	female	423	256	344	0	10311	2	75	296	295	11	0	0	R2	20
93218	IL	M	302	208	203	0	5668	11	67	216	207	11.25	72	0	U4	10
184974	AK	F	1157	365	559	8	21892	8	33	514	448	7.714285714	0	2601	T2	10
136768	CA	F	2312	456	589	63	21372	7	44	516	531	6.333333333	0	5301	S1	2
42724	FL	M	440	164	254	0	8444	3	41	186	220	9.666666667	1	3601	C3	25
82313	MN	F	569	276	350	1	12795	1	84	315	317	9.727272727	0	2705	T2	15
132820	WY	F	680	353	457	1	14347	3	39	393	406	9.058823529	0	5201	R1	15
51683	TN	M	690	194	411	1	13120	5	57	371	263	5	1002	0	C2	5
93538	IL	F	438	159	156	17	3975	0	58	146	165	20.66666667	0	2503	U4	36
145407	CA	F	2166	415	445	68	16471	8	52	402	457	8.095238095	0	0	S2	10
55553	MS	M	394	188	252	0	8350	0	89	220	227	25	1	0	R2	20
58447	KY	F	630	300	361	0	13719	8	55	327	321	9.2	0	3001	T2	10
159424	CA	M	3276	358	555	92	23535	15	40	478	436	25	1	2401	S1	75
34649	FL	F	1171	483	570	9	19553	5	20	512	544	5.2	0	2901	S1	7
50154	TN	M	1103	467	524	3	17130	2	74	503	497	15	1002	6801	T1	15
77432	WI	male	673	293	348	0	12900	2	88	335	296	11.5	2	5401	T2	15
152821	CA	F	1633	286	351	8	16765	9	13	318	306	5.8	0	5401	S2	11
57964	KY	M	428	166	334	4	13608	1	71	304	240	9.1875	1	2601	C3	12
188385	TX	F	262	150	228	0	8475	0	67	194	186	15	2	1601	T3	5
65899	MI	F	905	470	605	0	21564	11	70	533	549	7.25	28	4301	S2	10
171302	CA	F	1693	423	492	23	17493	6	58	467	457	11.66666667	0	4701	S1	15
38106	FL	F	1806	243	450	33	22969	38	5	312	338	2.795454546	0	804	U2	3
35906	FL	F	683	284	368	2	12396	4	32	325	313	15.33333333	0	5701	T2	15
4513	MI	M	630	355	437	0	15914	3	75	396	395	13	1	2804	C2	20
14272	AR	Female	389	207	286	0	9933	1	69	234	253	12.66666667	0	4001	R2	20
1779	AR	M	417	131	282	0	6858	6	42	199	200	13	0	0	T3	12.5
180512	WA	male	731	304	382	1	13513	4	53	355	349	6.578947368	2	1312	T2	10
41065	NV	F	1569	673	781	22	25775	3	44	672	785	12.5	0	3401	C3	15
111949	AR	Female	335	166	239	0	8297	0	76	207	207	4.606060606	0	0	R3	5
35043	FL	M	1357	521	587	26	20642	4	30	534	571	13	1	4304	C1	16
86311	SD	U	530	309	375	0	11438	1	80	375	276	5.5	0	0	R2	6
182293	WA	male	883	294	363	6	13642	2	66	315	355	14.25	1	0	C2	19
179023	WA	male	982	318	384	0	12744	5	61	388	341	20	1	0	S2	35
65481	MI	M	663	432	534	0	16668	5	64	501	483	15	1	4401	U2	20
21144	NC	M	827	240	319	8	12413	1	60	275	297	6.3125	2	0	R2	6
9390	MI	F	266	146	211	0	7863	16	72	167	217	8.09375	3	4009	U4	5
157973	CA	M	1967	371	436	45	24029	8	15	409	403	10.5	1	2001	C1	12
176890	OR	F	470	305	355	1	11035	6	45	339	318	5.625	0	3001	T2	8
65181	MI	M	626	356	440	2	16309	2	83	388	392	9.8	2	3603	C2	11
181083	WA	male	1521	412	543	33	19703	3	64	422	497	8.571428571	1	5001	T2	5
175951	OR	F	584	282	347	0	13789	7	51	314	318	10.4	2	4501	S2	15
20966	NC	female	588	257	318	0	10225	2	56	288	285	19	28	4801	T2	20
91779	IL	F	1063	294	434	0	18383	5	79	360	354	20	0	6001	C2	20
98099	IL	F	588	272	387	2	13570	1	85	345	331	13.33333333	0	6601	R2	21
32485	FL	F	663	293	340	3	12675	3	24	315	305	11.66666667	0	3601	T2	37
111284	AR	Female	582	292	340	0	10930	1	61	308	323	4.272727273	2	3801	T2	5
15651	NC	female	1497	581	762	21	30594	1	76	678	667	6.928571429	0	5501	C1	10
96220	IL	F	281	280	342	0	10874	0	83	314	274	7.714285714	0	3503	R2	14
73221	MI	M	784	289	400	2	12840	5	67	378	332	11	2	0	C2	10
170143	CA	F	1722	404	433	39	13454	13	59	420	411	4.571428571	2	905	T2	5
43884	FL	M	645	226	284	1	13007	6	7	249	257	5.285714286	1	3202	C3	5
61338	IN	M	544	330	433	0	14398	5	68	403	360	5.133333333	1	5701	S2	5
82636	MN	F	896	291	438	6	17357	2	70	335	340	8.6	0	4101	C1	15
190730	NV	M	398	248	337	0	11618	3	39	303	292	8.45	2	1407	0	14
121071	TX	F	900	273	455	3	19298	15	43	337	336	13.6	28	4912	U1	15
94386	IL	M	1421	435	662	24	18555	6	81	604	534	5.714285714	1	3301	U1	6
31094	GA	F	405	166	254	0	7997	1	81	208	215	6.666666667	0	2801	R3	5
58463	KY	M	297	176	187	0	5972	0	72	178	185	21	2	1605	R3	10
160716	KS	F	317	231	249	0	17155	3	64	249	241	4.885769231	28	0	C2	7
156414	CA	F	2184	351	419	67	16480	25	38	376	394	12.5	0	1601	U1	20
137592	Arizona	M	0	0	0	0	0	0	0	0	0	17.5	1	1201	C3	25
130840	CO	M	1848	643	765	40	27612	3	24	688	705	8.35	0	1805	T1	20
133176	ID		2111	320	550	53	28034	4	26	408	444	16.5	2	3601	R1	50
164044	CA	M	5795	1329	1204	99	57002	17	36	1326	1201	11.66666667	0	4201	T1	15
190746	AL	Male	710	402	457	0	14119	3	50	429	433	10.71428571	1	3701	T1	11
52116	NC	female	680	236	318	2	11568	3	60	279	277	9.269230769	0	1703	T2	10
42913	FL	M	950	357	469	3	18756	5	16	449	420	7.2	0	4601	C2	5
124143	TX	M	846	538	602	0	18861	1	73	541	595	5.181818182	72	3803	C1	6
47385	AL	Male	2432	1273	1105	64	55765	0	62	1332	1057	15	1	6001	S1	15
92312	IL	F	3573	1245	1179	98	83519	15	70	1474	1065	10.33333333	28	3202	S1	24
114208	OK	M	393	195	221	0	10232	1	65	212	222	15.55555556	0	3401	T3	50
127744	TX	M	600	420	479	0	17725	0	77	461	467	8.727272727	0	2104	T1	15
86696	ND	F	469	293	398	0	13446	0	79	354	331	19.28571429	0	2307	T1	25
177131	OR	F	605	223	323	0	12224	3	47	326	283	12.25	28	2101	C2	10
42689	FL	F	711	267	363	0	15229	12	7	305	307	3.857142857	2	0	C2	4
7879	CA	F	1072	284	427	6	14572	14	63	306	378	17.85714286	2	3011	C2	25
13089	MI	F	782	462	504	1	15816	0	89	475	498	20.18181818	0	6112	T2	34
98085	IL	M	464	225	364	0	12445	0	84	291	277	10.2	1	0	R2	10
5614	CA	M	1803	281	492	20	24681	13	13	418	364	13.71428571	1	1908	C2	19
122198	TX	F	1329	685	743	1	21941	13	38	727	689	6.2	2	5601	C1	6
131537	AL	F	408	215	286	1	9667	0	87	253	259	8.444444444	0	0	C2	7
171609	CA	F	1537	495	544	19	17689	13	58	509	528	13	0	4201	S1	20
47914	AL	F	488	300	311	0	10516	0	82	314	282	4.714285714	30	1901	T2	5
25226	SC	M	799	429	467	0	15469	0	70	445	421	9.125	1	2703	T2	12.5
158567	CA		1722	324	408	13	15603	10	62	406	365	6.071428571	0	1110	S1	6
103535	MO	F	365	215	296	0	9330	0	70	249	269	13.33333333	2	3801	R3	15
13394	IL	F	1204	444	557	5	18966	7	72	514	491	7.4	0	3001	S1	15
45870	FL	M	518	184	264	0	11126	7	12	213	228	9.333333333	1	3001	C3	20
169703	CA	F	2486	475	543	73	26926	7	71	508	516	3.491935484	0	1501	C2	25
147484	CA	M	5439	984	1004	98	42403	18	45	1029	961	12.22222222	0	1601	S1	12
151907	CA	F	3477	424	629	90	27103	14	37	601	528	5.4	0	5901	C1	6
152283	CA	F	2813	313	474	81	23850	10	12	366	388	10	0	3604	C2	10
146742	CA	M	3909	870	901	98	34835	16	45	886	878	11.28571429	1	3001	S1	15
68240	MI	M	237	255	274	0	12378	3	58	250	274	12.84615385	0	3001	U4	25
24975	SC	F	545	302	338	1	12022	0	80	316	324	15	0	4401	R2	20
25027	SC	M	482	239	335	1	11149	0	81	282	287	5.071428571	0	5502	R2	5
184269	WA		506	274	356	0	12932	11	37	320	310	10	0	1406	C2	10
187915	NJ	F	1344	436	472	7	14568	4	75	468	439	3.931538461	0	0	T2	20
16972	NC	M	621	267	352	0	11523	1	81	328	300	10.5875	1	5801	R2	12
126469	TX	M	564	199	288	1	10369	7	73	207	274	8.730769231	0	1808	C1	15
42548	FL	F	398	193	210	0	6768	8	42	207	195	8.769230769	0	2401	T3	11
72416	MI	M	667	333	395	0	12506	4	68	380	345	6.722222222	1002	1606	R2	5
118163	TX	M	948	545	684	1	20038	8	54	604	655	5	2	0	R2	5
174833	OR	F	953	319	455	1	15729	3	45	379	387	13.2	2	2002	S2	20
19623	NC	female	1070	384	476	24	17806	1	67	420	435	6.533333333	0	6201	T1	14
159506	CA	M	1029	415	413	5	17789	2	64	401	408	5.133333333	1	0	R2	10
153743	CA	M	1325	381	464	4	19380	18	38	458	403	16.35294118	0	5901	S1	26
100447	MO	F	806	357	441	0	14575	4	81	393	386	4	0	5401	S2	3
126403	TX	F	339	158	207	0	5445	27	58	161	212	8.25	2	2403	C3	10
77695	WI	male	1040	492	569	5	18196	2	79	505	549	15	1	5801	T1	20
18266	NC	M	487	273	314	0	13272	1	76	308	275	5	0	2505	C3	5
80893	WI	male	498	278	390	0	13894	0	87	348	357	8.333333333	1	1507	T2	25
169553	CA	F	942	204	304	6	10323	14	58	254	306	5.611111111	28	5901	R2	10
30450	GA	F	1156	420	655	5	22639	1	56	617	541	31	2	2407	C2	50
98220	IL	M	331	195	314	0	11368	0	72	288	255	7.5	0	3601	R3	10
134833	UT	M	498	139	299	0	7461	8	70	229	246	5.5	1	3901	R2	6
179014	WA	F	904	296	407	2	17248	3	46	372	330	13.6	2	1001	T1	23
77023	IA	M	324	146	202	0	8170	11	47	192	186	12.5	1	4301	C3	15
10028	CA	M	1771	314	341	13	17567	9	45	335	322	11.1875	1	0	C2	20
20522	NC	M	1203	462	543	10	17989	1	51	473	497	15	1	5001	T1	15
82065	MN	M	737	506	469	0	13295	0	83	504	472	8.454545455	0	3601	T2	10
20769	NC	M	504	191	287	1	9564	0	81	228	246	5	2	4601	T2	5
160970	CA	M	931	307	343	2	12060	8	50	318	332	5.090909091	1	2111	T1	5
174609	OR	F	819	259	367	2	13539	1	41	275	331	7.538461539	0	0	T2	10
127166	TX	J	1490	612	818	25	38526	7	56	645	733	18.47826087	1002	2512	S1	30
155967	CA	F	2521	412	516	63	13961	38	45	424	512	5.555555556	0	2001	C2	5
14790	CA	M	4068	753	872	99	31920	20	37	821	748	6.4	1	2104	U1	15
20583	NC	female	810	441	503	1	17642	2	56	457	489	8.133333333	28	2801	C1	14
185934	CA	F	1364	244	308	15	6939	50	43	255	296	18.75	2	0	U4	25
109449	LA	F	456	238	317	0	10293	1	67	263	281	11	2	2211	T2	12
64115	IN	M	501	359	445	0	16856	0	65	407	385	7.5	1	2506	C2	15
154202	CA	F	810	180	264	2	12413	15	32	214	217	12.83333333	0	0	T2	50
153001	CA	M	1960	265	469	46	17243	10	33	321	362	6.3	1	5203	S2	5
154216	CA	F	770	213	313	3	11794	10	45	264	276	4.714285714	2	1301	T2	13
174976	OR	F	619	244	324	1	13392	1	53	271	300	12.25	0	5901	R2	15
140547	NM	M	544	259	341	1	11638	2	44	305	322	20	0	0	R2	20
169371	CA	F	1436	308	372	16	11970	7	66	347	338	25	0	1601	T2	20
167100	CA	M	3223	487	597	89	22177	9	59	516	568	6.444444444	0	1704	S1	10
157295	CA	U	5500	365	614	99	31227	8	50	424	456	11.53846154	2	1501	S1	35
19020	NC	female	1588	450	511	35	18048	0	61	471	478	16.2	2	2801	T1	19
105325	KS	F	227	202	251	0	8250	0	72	241	220	2.445945946	28	0	T2	6
30117	GA	M	679	350	402	0	11290	0	87	374	377	13	1	7101	T2	16
121798	TX	M	612	508	547	0	23219	18	51	510	551	12.33333333	1	3601	U1	15
86322	SD	F	213	222	329	1	12227	1	57	273	283	5.125	0	6701	T2	5
56886	KY	M	1111	506	636	2	21181	4	52	591	552	6.636363636	1	2601	S1	12
177613	OR	M	803	222	326	4	11846	3	36	240	311	19.23076923	0	0	R2	20
43492	FL	F	665	240	312	2	11939	1	26	264	273	7	0	0	S2	12
931	OR	M	646	239	328	1	10757	6	58	249	305	5.1	1002	4711	R2	12
19510	NC	M	2441	579	866	67	46160	2	54	740	697	11	0	2001	C1	12.5
38165	CA	F	1985	414	490	48	17181	12	38	446	467	10.36363636	1002	4607	U2	14
171879	CA	F	1016	235	303	1	12496	6	66	246	278	20	0	0	U3	20
135248	Arizona	M	596	308	361	0	11474	2	42	316	345	11.81818182	1	1612	U2	20
187171	Arizona	M	851	299	387	0	19138	9	10	363	330	15	1	0	C2	15
77915	WI	male	477	278	375	0	11950	7	66	321	303	8.571428571	0	2212	S3	15
64419	IN	M	725	305	360	1	13264	2	77	309	349	10.22222222	1	0	R2	14
51185	TN	M	457	186	292	0	10259	0	78	242	237	9.333333333	1	0	R2	10
79116	WI	F	377	311	375	0	10276	4	49	363	320	5	0	3601	C2	10
68951	MI	M	1223	575	704	8	27751	4	68	644	638	25	1	7107	S1	25
50570	TN	M	308	182	269	0	9150	0	76	220	231	10	1	0	R3	10
90775	IL	M	1097	312	473	3	16896	10	79	463	371	10.71428571	1	5103	S2	17
186375	OR	M	1060	340	500	11	19213	5	32	425	422	15	0	0	C1	10
90765	IL	F	870	356	420	0	17028	20	64	405	361	26.66666667	3	0	U2	20
76128	IA	M	543	271	387	0	12961	2	83	349	339	4.964285714	0	3201	R2	5
28082	GA		1063	477	558	7	18253	2	65	529	526	15	0	0	T2	20
47869	AL	F	402	186	287	0	10573	1	71	240	230	37.2	2	2401	C3	20
176740	OR	M	770	228	318	3	12603	3	47	282	272	20	1	0	C1	30
48487	AL	F	364	170	277	0	8962	0	92	231	221	10	0	4601	R3	25
2490	SC	M	620	323	373	0	11492	2	69	358	348	3.35516129	0	2901	T2	3
41312	FL	F	577	157	373	0	10497	8	45	324	224	11.09090909	2	2912	U3	23
17094	NC	female	897	454	479	0	15887	1	60	473	444	13	0	4001	T1	15
56787	KY	M	651	321	359	0	15114	7	76	345	361	9.666666667	1	6508	S2	13
164167	CA	F	2292	642	710	70	22186	13	52	670	680	6.4	0	5301	S1	13
41785	FL	F	972	316	462	12	20831	19	10	367	388	11.2	0	2811	C1	17
126959	TX	M	1035	273	471	10	14432	3	73	386	356	11.42857143	1	5601	R1	15
29526	GA	F	431	258	319	0	9791	0	81	283	289	7.25	28	4001	R3	10
142901	CA	F	4947	586	748	99	33685	19	38	608	682	10	2	2101	U1	10
105827	KS	F	351	213	356	0	9679	2	62	245	225	12.89473684	0	5001	C3	20
159439	CA	M	439	203	228	0	5774	26	57	203	230	5.636363636	1	0	R3	5
11459	CA	M	1967	371	482	49	15962	6	53	418	438	5.261851852	1	0	T2	7
129268	CO	F	952	394	457	1	15275	1	47	407	436	6.142857143	2	3109	S1	10
122256	TX	F	637	404	457	0	13216	35	37	407	446	4.714285714	0	5401	U1	20
92355	IL	M	1413	414	539	6	30680	8	68	482	489	8	1	2601	C1	25
59811	IN	F	360	206	307	0	9936	1	76	266	252	15.28571429	0	0	T3	5
173497	HI	F	3676	683	722	91	23977	6	68	692	724	20	2	2801	S1	5
177017	OR	M	719	224	321	6	12226	3	42	269	280	7.6	1	0	R2	15
15350	NC	female	1071	357	575	18	23527	5	55	494	490	17.5	28	2701	C1	15
4629	CO	M	1460	551	668	12	21916	3	36	565	641	7.102941177	1	2302	C1	15
162598	CA	F	2766	362	439	84	17063	24	53	433	398	13	2	2001	S1	20
178949	WA	male	3442	658	793	77	28222	10	46	671	749	10	1	3901	S1	15
189880	MN	F	528	204	335	0	11183	2	69	271	243	8.333333333	2	1801	T2	10
132031	NM	M	1345	609	678	3	29493	3	18	635	629	11	1	2301	R2	23
38111	FL	M	747	380	376	0	17585	29	25	385	398	4.722222222	1	1311	C1	7
21375	NC	female	498	243	326	1	11462	0	86	284	285	20	0	5401	T2	25
31735	FL	F	881	355	496	5	17641	3	27	464	388	11	28	0	T1	19
132456	CO	F	957	319	400	9	13186	3	49	360	365	5	2	2201	R1	7
121165	TX	M	920	160	633	8	20828	12	43	753	348	15	1	6601	U1	10
175226	OR	M	693	213	259	2	10095	0	61	248	232	7.25	1	1809	R2	11
190534	CA	F	1922	284	332	44	9661	35	45	307	300	5.545454545	0	501	U3	6
33383	FL	F	1473	611	688	17	26812	10	28	647	649	7.333333333	28	0	T1	11
64261	IN	F	369	251	346	0	11275	1	88	305	295	5.625	2	0	T2	10
106854	CO	F	1070	505	518	0	16105	1	34	510	529	7.583333333	2	0	T1	8
115676	TX		340	191	237	0	7393	1	57	221	208	14.22222222	4	0	T2	20
60195	IN	F	684	272	357	1	14675	2	74	321	298	13.5	0	5501	S1	25
6308	SC	M	454	244	320	0	10904	1	85	285	280	10.77777778	0	1803	R2	12
93883	IL	M	574	289	363	0	11250	25	69	318	315	3.555555556	0	4601	U3	4
38812	FL	F	3772	515	791	87	46740	17	16	661	647	14.33333333	2	2310	U1	17
15219	NC	female	730	309	419	1	14673	1	75	374	365	25	0	0	T2	25
76442	IA	M	588	332	405	0	11164	1	67	380	354	4	1	3801	R2	5
175659	OR	F	1465	514	720	25	27151	9	33	638	589	7.818181818	2	1504	S1	10
21859	NC	female	824	285	356	3	13339	2	59	305	333	9.909090909	0	3901	R2	10
32892	FL	M	852	443	497	1	16681	2	41	446	480	10.19047619	0	5010	S1	10
65740	MI	F	777	444	511	0	16822	6	81	485	476	9.3	0	6901	S2	12
117264	TX	F	532	237	396	0	11962	5	65	404	297	12	2	5208	U3	17
156344	CA	M	2917	625	709	93	23064	13	53	613	712	10.09090909	1	0	S1	10
152816	CA	F	1990	301	395	49	14403	12	53	326	389	15	2	3201	S2	35
133042	ID	M	427	231	341	0	10388	6	71	290	290	27.5	1	1301	R3	40
9063	Arizona	M	844	293	390	0	19809	7	1	336	333	9.866666667	1	1601	0	10
127527	TX	M	822	228	385	2	11594	9	72	322	321	10.75	1002	6002	R1	12
24940	SC	F	761	396	464	2	15429	2	62	422	425	6.466666667	0	0	T1	15
40520	FL	F	965	356	495	7	19633	8	24	453	426	9.538461539	0	1012	S1	10
101263	MO	F	150	162	239	0	8299	1	85	197	198	6.333333333	28	1601	R3	10
130185	CO	F	607	239	279	0	10199	5	57	260	256	3.6	2	1601	U3	3
84599	MN	F	760	469	544	0	17948	0	66	505	492	7.8	28	5801	C2	11
95208	IL	F	445	234	306	0	10475	1	84	253	270	8.9	0	2312	R2	10
129822	CO	F	1331	503	635	13	22045	7	26	579	561	12.2	28	4701	S1	20
97026	IL	F	598	371	487	0	16242	2	73	453	419	11.5	0	4701	C1	10
165378	CA	F	3997	896	945	97	41664	16	49	915	919	10.625	0	6006	S1	23
160196	CA	F	3461	404	514	90	17618	3	67	423	479	6.153846154	0	5101	T1	10
57052	KY	U	683	267	362	2	11879	1	84	309	325	16.57142857	0	4701	R2	29
144577	CA	M	5739	634	810	97	45680	8	45	670	792	9.285714286	1	1603	U1	15
103591	MO	M	150	202	258	0	8084	1	90	251	223	6.1	39002	0	R2	3
111708	AR	Female	502	247	336	0	11053	2	75	298	292	9	0	0	S1	15
89030	IL	F	539	268	384	0	10905	15	45	303	377	5.625	0	2501	U3	11
169678	CA	F	1856	504	536	33	17132	6	63	523	516	13	0	2401	S1	20
95831	IL	M	301	238	347	0	12366	0	80	354	267	10.5	1	2701	R2	10
48047	AL	F	1075	511	590	6	20216	4	41	556	552	5.8	0	0	T1	6
156378	CA	F	5000	738	959	99	50907	9	48	963	797	11	0	2807	S1	13
58130	KY	F	283	149	227	0	7466	0	73	168	207	5.111111111	0	0	R3	7
111459	AR	Female	1054	584	726	11	26074	2	63	644	652	13.53846154	28	5801	C1	20
77574	WI	F	1260	252	404	24	17617	6	79	357	309	4.857142857	2	2301	C2	5
157536	CA	F	3009	411	546	85	20728	12	39	455	493	12.5	2	1901	C2	17
86270	SD	M	462	224	253	0	8866	1	55	264	248	8	2	5501	C2	16
71882	MI	F	574	299	420	0	17296	3	72	363	360	6.166666667	0	0	C2	14
53213	TN	F	402	194	267	0	8742	0	84	229	234	12	0	4401	R3	15
121292	TX	F	557	211	205	0	5550	30	60	188	221	13	3	0	U3	16
101614	MO	F	320	148	233	0	9379	0	78	183	202	13.33333333	0	4401	R2	21
161479	OR	F	758	407	457	0	17576	4	53	409	455	7.454545455	2	2101	S2	11
74183	MI	F	836	332	425	15	13813	3	74	354	380	4.476190476	2	0	0	5
53611	TN	F	468	245	315	0	11358	0	66	308	294	8	28	5401	S3	18.25
143610	CA	F	5000	569	932	99	52576	21	34	936	712	15	0	0	U1	5.25
158534	CA	F	2541	423	528	75	19220	16	48	486	454	24.28571429	0	4801	S1	25
66265	MI	M	497	362	421	0	13649	7	79	452	384	20.41666667	1	4511	S3	40
141468	NV	M	1003	258	386	5	15748	12	13	322	318	25	0	1801	S2	25
121683	TX	M	770	477	578	0	19810	8	54	522	522	20	1	5101	S1	10
130239	CO	M	739	369	428	0	14453	3	53	368	419	20	0	5601	S2	20
987	GA	F	2140	773	850	59	33069	1	48	789	816	3.761904762	0	4301	S1	3
76585	IA	F	1282	550	703	15	26007	2	66	637	607	4.857142857	0	3110	C1	5
155240	CA	F	1167	211	406	4	16425	6	21	272	329	11.14285714	28	2201	C2	15
147841	CA	F	5626	1023	1051	98	62324	20	40	1109	969	30.75	0	1706	S1	100
140481	NM	F	636	281	341	1	11957	4	47	311	295	8.75	2	5201	T3	20
159034	CA	M	1834	442	420	23	11448	20	46	371	441	14.8	1	1601	U2	21
3933	IL	M	912	334	453	0	14883	18	78	393	375	8.5625	1	6606	U2	20
167138	CA	F	2125	375	468	58	21196	9	57	399	411	20	0	5301	U1	30
100900	MO	F	1180	513	607	7	19444	4	55	548	554	5.5	2	0	C1	5
161634	CA	F	669	190	226	0	7245	28	50	198	214	8.4	28	6302	C2	15
162945	CA	F	0	132	186	0	9308	46	21	147	178	4.5	0	1201	U4	5
12626	GA	F	533	301	386	0	11562	5	48	349	339	8.2	2	0	R2	9
134005	UT	M	582	361	392	0	12270	0	62	368	385	9.666666667	13	1409	C2	10
176948	OR	M	480	203	237	1	8973	2	50	217	202	17.33333333	1	2401	T2	20
123270	TX	M	435	174	289	1	7881	24	63	209	256	12.83333333	0	3508	C3	10
133884	ID	F	609	250	323	1	10580	1	34	291	290	3.908571429	0	0	T2	50
21815	NC	female	548	213	317	0	11564	1	86	307	256	5.8	0	7101	T2	5
56700	KY	M	447	214	314	0	12305	1	88	280	265	12.33333333	1	0	C3	20
41920	FL	M	467	192	323	0	10376	6	33	261	261	15	0	4201	U4	15
68440	MI	M	327	232	325	0	12587	1	48	256	284	13.66666667	2	3101	U4	15
8013	IL	F	890	437	455	5	20927	13	63	426	459	8.285714286	0	3701	S1	10
12801	CA	F	2947	564	754	86	44438	9	28	658	665	15	28	2001	S1	15
36495	FL	F	679	192	321	0	13762	28	11	238	242	7.428571429	0	401	U3	10
151730	CA	F	1522	374	537	9	20172	3	42	485	453	5	0	0	U2	5
89174	IL	M	5324	1159	1217	95	95913	12	45	1500	1053	22.25	1	805	S1	20
5123	CA	F	1878	351	475	45	15262	9	62	439	389	5.3	2	0	T2	6
3931	IN	F	529	277	397	0	12618	2	71	360	345	17.5	2	0	C2	10
8330	FL	F	742	239	356	9	18464	10	0	293	290	5.727272727	28	2501	C2	5
113354	OK	F	466	332	399	0	12452	5	69	368	368	10.87878788	0	5501	S2	20
164296	CA	F	911	325	384	0	16016	8	58	358	330	5.944444444	2	3601	S2	10
184017	WA	male	952	414	529	4	23125	2	48	452	484	14.22222222	1002	3501	R1	20
37852	FL	M	879	235	327	1	9954	70	17	251	303	10.5	0	6009	U3	20
64170	IN	F	573	393	471	1	16377	0	69	437	413	16.28571429	0	3001	T2	15
152118	CA	F	1644	396	489	35	16298	3	54	426	450	3	2	2209	S2	4
190281	CO	F	905	215	331	3	10917	10	37	245	269	13.14285714	2	0	S3	25
28786	GA	F	406	183	287	1	8848	0	83	225	245	7.444444444	0	0	R3	10
45551	FL		0	0	0	0	0	0	0	0	0	12.5	2	0	S3	15
181931	WA	F	430	221	243	0	8096	5	59	234	236	10.27272727	0	1909	U1	13
45431	FL	F	492	200	288	0	13616	10	7	244	243	15	1	2609	C3	20
25635	GA	M	553	325	345	0	11881	2	69	334	343	7.2	1	2001	S2	11
135112	Arizona	Female	719	313	407	1	13050	2	52	366	331	5.428571429	0	3001	U2	8
179111	WA	male	1761	583	715	31	25887	13	38	588	692	12.5	0	4201	S1	20
65596	MI	M	587	438	473	0	14390	2	89	466	438	4.590909091	1002	5801	S2	9
73282	MI	M	800	409	478	1	14218	3	85	448	433	20.83333333	1	2201	S2	25
146241	CA	M	3196	655	731	91	21091	33	41	692	695	30	1	3401	U1	50
60098	IN	M	789	383	462	0	17643	1	79	434	412	9.916666667	1	4106	S2	25
74361	MI	M	545	265	328	3	10786	1	84	281	312	10.0625	0	7012	R2	10
82857	MN	M	745	326	428	1	15081	3	76	382	374	11.42857143	1	3804	S1	10
38580	FL	M	1144	333	505	0	16518	29	27	443	436	14.81818182	0	3607	S2	10
36471	FL	F	730	181	272	1	12098	33	22	191	287	10.5	28	2710	U3	20
140135	NM	F	506	191	273	2	8923	7	72	214	253	14.81818182	28	3901	R2	20
133029	ID	F	488	159	234	0	8393	1	62	220	203	11.94117647	0	3801	C2	5
161829	CA	F	1748	351	391	22	14059	24	24	355	382	5.523809524	0	3402	S2	10
168268	CA	F	2159	233	394	67	12950	8	62	280	247	20.17647059	0	2207	U2	15
19490	NC	female	739	309	451	0	17709	5	40	402	405	10.42857143	28	4201	C2	10
166899	CA	F	2153	320	397	60	15000	16	46	379	360	22.5	2	3601	S2	35
145982	CA	F	2051	523	561	54	19319	10	55	545	543	33	0	5801	S2	30
187764	Arizona		1553	634	725	32	29972	4	17	653	694	23.33333333	0	0	0	25
171227	CA	M	986	354	405	1	13968	5	58	389	369	7.6	1	0	S2	7
27419	GA	M	442	218	286	0	9399	0	78	253	257	15	1	0	R3	20
106488	KS	F	405	241	349	0	11254	4	59	274	291	21.06666667	0	0	R2	26
70722	MI	F	355	252	309	0	10409	2	93	292	271	12.33333333	0	907	C3	16
187495	OK	M	922	374	501	3	16125	2	66	442	449	14	1	0	T1	17
18543	NC	female	506	243	336	0	11973	0	89	285	294	9.090909091	0	6001	T2	14
38707	FL	M	3333	390	815	79	48235	5	20	609	549	10	1	0	C1	17
138528	Arizona	M	723	265	485	0	17145	7	42	361	351	18.4	1	2406	S2	26
177960	OR	M	528	284	359	0	11925	1	51	338	306	12.47826087	1	3803	T2	25
97221	IL	F	418	330	430	0	14006	0	90	343	381	11	0	3101	R2	25
158816	CA	F	2322	469	498	76	18806	12	48	472	499	7.84375	2	3601	C1	11
93713	IL	F	704	314	415	0	11865	19	73	349	358	13	0	3101	U3	20
135535	Arizona	Female	1060	519	631	0	18341	5	42	602	559	6.357142857	28	4707	U1	13
91194	IL	F	539	254	343	0	12966	8	80	348	297	7.894736842	0	5001	C3	7
62232	IN	F	1097	485	601	4	21132	2	64	562	534	14.6	0	4206	T1	19
91507	IL	F	1058	479	562	1	18116	2	86	499	525	8.75	0	3601	S1	14
153467	CA	M	1971	553	607	46	17576	13	39	605	559	15	1	2301	S1	21
28718	GA	M	512	190	297	0	9317	31	55	237	248	20	1	2201	C3	20
119902	TX	M	321	170	271	1	9720	0	81	189	233	10	1	2201	R3	5
179339	WA	male	2321	631	718	65	21434	2	61	638	713	6.7	0	9310	T1	13
74880	IA	F	622	347	416	0	15808	0	88	378	401	15	0	2201	T2	25
29988	GA	M	351	171	237	0	8814	0	78	186	219	25	1	0	R1	25
132508	WY	F	540	191	237	0	10336	2	34	215	195	10.5	28	0	C2	10
144351	CA	F	2855	311	537	78	18525	28	47	385	484	11.46153846	0	3609	U2	40
38388	FL	F	955	324	444	2	12645	71	17	379	397	7.264347826	2	4810	U2	10
176863	OR	M	442	156	191	0	6370	2	53	195	165	16.5	1	6101	R3	20
70696	MI	F	569	356	515	2	19771	2	83	384	440	6.75	0	4701	C2	12
151819	CA	M	1170	210	255	3	7629	40	50	220	252	5.7	0	4601	U4	6
146500	CA	F	2353	301	367	71	10333	46	33	316	333	25	28	2201	S2	25
72679	MI	F	330	249	357	0	10932	1	84	317	289	7.333333333	0	6401	R2	10
61805	IN	F	428	253	319	0	10747	0	79	294	284	2.625	0	0	R2	5
142742	CA	F	1713	217	334	41	9763	59	26	244	310	15	2	4801	U3	15
29342	GA	F	618	278	364	0	11899	1	81	291	322	7.285714286	0	0	0	10
49712	AL	Male	310	243	297	1	9642	0	94	308	265	11.2	1	0	R3	17
53529	Tennessee	F	1183	496	654	1	27491	0	44	603	566	10.65217391	0	0	S1	5
70803	MI	M	299	244	303	0	10136	6	77	267	263	4.9375	1	1112	R3	4
20721	NC	female	504	238	424	1	14205	0	60	355	319	8.5	0	5805	R2	10
15445	NC	M	782	223	357	0	11910	5	45	341	272	10.23076923	1	5501	C2	20
24030	SC	F	383	76	180	0	5990	0	78	134	135	12.2	0	3306	T3	20
150177	CA	M	2044	329	423	53	13686	27	47	337	397	10.75	0	2001	S2	20
137540	Arizona	Female	2158	411	640	54	33235	7	12	516	535	9	2	4801	C1	10
13496	CA	F	3222	569	652	93	34407	23	35	614	607	16.54545455	28	2801	U1	25
28040	GA	M	866	463	492	1	15563	1	66	475	467	7.545454545	1	2901	T2	11
156174	NV	M	899	479	535	1	15544	2	26	486	542	9.444444444	1	2601	C2	10
75461	IA		221	216	304	0	10791	0	87	274	252	11.33333333	2	1612	0	15
2781	CA	F	2432	340	432	72	13558	42	37	364	397	9	0	4501	U2	20
85476	MN	F	198	173	238	0	7616	1	83	209	208	5	2	3801	R3	5
177640	OR	M	600	236	275	2	9757	1	44	256	273	18.95833333	1	4911	R2	30
183052	WA	male	944	395	461	5	13714	3	38	417	414	5.266666667	1	3511	T2	5
115935	TX	F	463	404	470	0	16020	3	46	416	427	10.4	28	0	C2	20
103872	MO	F	290	182	277	0	9887	1	76	228	235	20	2	3401	R3	20
10064	IN	F	694	270	450	1	14428	0	76	376	339	13	0	0	T3	18
84854	MN	F	797	259	392	0	12827	4	70	378	318	3.161290323	0	3701	C2	3
106430	KS	F	589	282	366	0	16020	0	74	286	337	10	3	5104	T2	14
18438	NC	M	1205	246	473	21	19319	0	25	459	345	4.176470588	1	2806	R2	5
49519	AL	Male	464	270	307	0	9942	1	77	288	289	6.5	2	4007	S3	5
63971	IN	M	444	265	353	0	11781	0	56	324	304	4.5	1002	4201	R2	4
34079	FL	F	801	324	478	11	19724	6	20	382	419	4.9	0	2201	C2	5
120509	TX	F	337	204	298	1	12342	1	87	261	263	8.294117647	2	1502	R3	10
66244	MI	M	434	237	372	0	11550	4	78	337	305	11.66666667	1002	0	S3	10
44715	FL	F	646	241	299	1	12694	8	9	257	278	7.1875	28	2601	C2	12
104891	KS	M	740	295	420	0	15354	2	37	376	329	12.6	0	1706	S2	23
30988	GA	F	717	316	366	4	12673	4	22	339	349	10	0	5401	R2	10
158389	CA	M	2971	302	322	98	6309	65	27	288	340	7	1	1101	S3	12
97020	IL	F	636	316	393	0	15018	3	60	395	325	14.25	0	3901	C1	17
92801	IL	M	2906	688	707	99	26708	0	37	653	740	10.6	1	3503	U1	15
28960	GA	F	717	327	364	2	12615	1	62	352	347	10	0	0	T2	10
121969	TX	F	715	295	355	5	9884	28	41	301	333	7.111111111	0	5005	S2	8
52330	Tennessee	U	565	294	344	0	11329	2	83	367	314	4.454545455	0	2801	T2	3
105709	KS	M	386	293	356	0	11937	0	67	354	302	4.217391304	1	3501	T2	5
177329	OR	F	684	290	356	3	11910	3	43	323	323	20	2	4801	T3	20
18196	NC	M	469	214	313	0	10164	0	90	260	271	7.465116279	2	0	T2	12
185572	KY	M	884	332	404	0	14624	3	59	377	366	7.666666667	1	0	S1	5
103613	MO	F	275	154	246	0	7925	1	73	161	224	9.25	28	3801	R2	15
84144	MN	F	1122	554	618	5	20341	5	71	560	607	25.125	0	6408	S1	20
83530	MN		656	272	373	1	14010	5	70	339	318	28.6	0	2207	U3	5
46495	FL	F	880	335	403	1	13951	4	22	343	386	17.71428571	0	3005	C2	15
186458	WA	F	837	337	397	1	14154	4	48	381	369	3.466666667	2	0	C2	3
162253	CA	F	2322	506	579	73	19463	16	55	548	469	4.431034483	0	0	S1	5
24915	AL	F	853	445	475	4	15281	2	59	464	447	10	0	5301	0	10
2081	WA	F	871	381	476	6	16559	4	51	412	436	7.836734694	0	0	0	7
121654	TX	M	884	681	746	0	23287	8	40	692	737	9.142857143	2	4710	C1	21
132627	WY	male	643	227	338	0	10980	2	44	311	293	6.5	0	3601	R2	10
149089	CA	F	5687	515	787	95	36437	15	45	540	729	21.5	2	2601	T1	20
150497	CA	M	3343	708	794	92	23333	26	49	760	768	17.5	0	7701	S1	40
180633	WA	F	949	429	468	9	15387	5	57	448	420	11.66666667	2	2102	T2	15
50200	Tennessee	M	1052	482	541	9	20492	1	44	499	516	10.83333333	2	2201	C1	10
172176	CA	F	1788	368	514	44	23026	3	53	424	415	11	28	0	S1	20
130884	CO	F	1274	520	575	7	21997	2	32	541	548	6	0	2711	T1	7
139857	NM	F	481	280	319	0	10294	0	30	335	279	7.2	0	1701	T2	5
152325	CA	M	1728	470	523	30	16413	10	50	511	503	25	1	4601	S2	25
43559	FL	M	1322	355	454	7	14439	4	36	405	408	3.566666667	0	1301	R1	2
81527	WI	F	429	232	346	0	11632	1	65	297	276	7.692307692	2	1501	R2	3
146913	CA	F	2674	561	662	77	37883	6	43	574	648	19.16666667	28	3201	S1	25
5968	WI	F	685	359	375	0	14570	4	81	365	372	3.589285714	0	0	U1	12
3953	HI	M	2254	484	518	60	15930	7	85	479	542	16.25	0	0	S2	20
13177	CA	M	479	208	322	1	11081	3	59	268	272	9.555555556	0	3901	T2	10
38632	FL	F	860	458	505	0	19217	24	31	453	495	13.51111111	0	5008	S1	38
578	CA	F	1821	454	505	21	17008	7	39	466	486	7.384615385	28	0	S2	10
186980	TX	M	1076	490	578	2	19138	1	79	503	550	14.54545455	0	5311	R2	50
172475	CA	F	1231	323	412	13	14716	2	67	398	367	12.3	0	4602	T2	16
33526	FL	F	440	185	299	1	9983	1	68	231	253	8.916666667	0	5308	R2	5
69465	MI	M	1572	566	684	31	23133	3	79	587	623	10	1	4601	S1	20
190391	NC	M	347	166	233	2	8507	1	75	202	204	14.75	1	3003	R3	16
26378	GA		1153	562	629	8	22327	6	41	583	609	50	0	3701	T1	100
12998	WA	F	2075	723	845	53	29233	7	46	743	823	5.517241379	0	1801	U1	6
128035	TX	F	360	167	269	0	8048	1	85	235	219	11.9	1	2506	T2	21
16756	NC	M	542	211	361	1	19216	2	74	245	269	15.4	0	6801	S2	15
142313	NV	F	948	325	398	3	15038	9	19	353	367	3.411764706	28	3701	T2	1
132903	WY	F	483	180	223	2	7610	0	61	206	207	15	0	6201	R2	21
153957	CA	F	1488	406	407	5	10419	34	36	400	402	9	28	5601	S2	5
61808	IN	M	809	385	511	1	14699	5	70	482	413	20	1	4901	T2	25
143707	CA	M	2083	198	211	53	6972	72	20	186	220	3.8125	0	5901	U2	4
122001	TX	M	597	425	488	0	17264	25	38	448	475	13	1	6001	S1	30
180786	WA	male	1271	324	417	22	17340	6	53	351	393	9.5	1	2106	C1	18
96031	IL	M	440	286	375	0	12840	1	88	331	323	6	1002	3601	R2	5
60477	IN	M	614	289	385	0	16415	2	76	317	335	15	30	2401	C3	20
144310	CA	M	2424	426	542	75	19561	32	47	446	483	14.5	1	3801	U2	6
2170	MI	F	923	299	409	3	15965	3	79	364	353	7.607142857	0	3003	T2	7
7846	TX	M	577	425	454	0	12951	18	62	437	437	7.375	0	0	S2	10
71904	MI	M	347	245	328	0	12777	0	74	310	286	4.904761905	1	1901	C3	7
2512	NC	M	1250	319	540	8	25660	3	33	411	429	25	1002	2601	0	25
71682	MI	M	770	417	454	0	14053	3	88	426	450	10.6	1	5511	T2	20
142552	CA	M	1943	426	523	45	16702	3	48	444	439	13.33333333	1	2801	U2	5
109429	LA	U	589	378	422	0	15300	0	65	384	410	16	0	0	T2	20
57332	KY	M	687	368	419	0	14581	1	75	407	375	6.105263158	1	2808	S2	6
190778	NC	M	875	280	381	10	15917	2	50	317	343	7	4	0	R2	20
128235	TX	M	864	388	511	0	17015	2	67	480	402	8.230769231	2	0	C1	8
175113	OR	F	701	307	400	0	13820	5	45	352	353	25	28	0	T2	25
66757	MI	F	664	315	332	0	11283	0	63	308	336	3.613636364	2	1209	0	4
154150	CA	M	755	218	290	3	8572	53	40	232	282	11.33333333	1	4801	R2	14
55392	MS	M	423	212	287	0	9065	1	80	262	251	5.95945946	0	4601	R2	6
162234	CA	M	5540	757	857	99	31488	14	49	815	814	21	1	1707	S1	26
8880	CA	F	2596	515	588	91	20539	15	48	518	584	24.16666667	0	4401	S1	25
6643	CA	M	3199	490	641	94	27239	9	56	537	595	14.7	1	2203	C1	16
170827	CA	F	1257	356	445	3	17145	6	61	358	427	6.384615385	2	201	S2	17
105459	KS	F	205	189	255	0	8737	1	78	221	217	5.166666667	0	0	R3	5
26289	GA	F	1173	503	660	4	21302	2	60	625	562	8.931034483	0	4601	C1	10
67315	MI	F	862	476	511	0	16332	6	81	519	478	20.25	2	2005	S2	27
75910	IA	F	339	254	321	0	9822	1	56	271	293	5.928571429	0	0	0	10
103527	MO	M	392	218	300	0	10421	0	79	239	265	4.266666667	1	5002	R3	4
16247	NC		576	289	323	0	10642	1	84	308	304	8.923076923	2	0	R2	10
166770	CA	F	2419	364	533	61	23128	6	59	409	470	9.857142857	0	3901	R1	5
82580	MN	F	575	209	265	0	8620	13	62	212	247	4.428571429	2	1001	C3	5
34883	FL	M	709	220	296	1	12538	3	15	254	264	7.333333333	2	3001	T2	5
57647	KY	M	724	322	393	2	11652	1	67	380	363	17.22222222	0	7309	R2	20
82995	MN	M	719	365	519	0	18970	0	87	561	430	4.4	1002	3603	S2	5
74043	MI	F	411	199	272	0	9491	1	87	230	244	13	0	2401	R2	12
114438	OK	M	498	284	315	0	9667	2	56	304	274	11.5	1	2512	T2	20
122046	TX	F	716	291	454	1	23868	11	40	438	351	20	0	3601	C1	25
69122	MI	M	732	404	481	1	15554	2	73	431	434	10.5	1	2701	S2	13
118739	TX	M	1155	684	750	0	22931	5	43	695	728	12.5	0	4701	C1	15
68148	MI	F	245	189	224	0	8638	2	62	176	246	9.333333333	0	5401	U4	10
22644	SC	F	489	191	277	1	8579	0	83	221	244	9.2	2	4201	R2	21
87239	MT	M	590	292	362	0	11338	0	68	341	333	8.583333333	1002	1601	T2	7
108447	LA	F	764	354	401	0	12713	4	70	362	383	6.25	0	0	S2	10
49860	Tennessee	F	670	318	386	0	12457	4	68	358	354	4.958333333	0	3512	S2	4
88662	IL	M	1000	453	478	0	15134	7	72	463	458	8.772727273	0	3004	S2	12
59225	IN	F	519	314	381	0	12167	0	82	357	349	5.6875	2	0	R2	10
190377	FL	F	720	364	521	1	18273	10	21	416	450	17.89473684	28	0	0	24
151695	CA	M	2498	518	606	71	18830	7	55	550	570	25	1	0	T1	35
146301	ID	F	887	337	531	6	21539	2	43	459	433	9.666666667	0	6301	U2	17
27944	GA	F	687	379	380	0	12223	1	57	403	360	13.85714286	0	5011	C2	33
172801	CA	M	710	236	400	2	12318	4	79	388	313	13.57142857	1002	0	R2	10
78179	WI	male	708	358	414	0	14051	0	86	370	384	22.5	1	6401	C3	10
121755	TX	M	1364	634	811	22	42549	11	34	673	768	15	0	2001	C1	15
147747	CA	F	3005	348	503	87	18396	32	35	385	455	9.470588235	0	2008	S1	13
3685	WA	F	827	277	371	1	12751	9	47	328	309	10.15789474	0	4201	S3	15
128934	TX	F	725	334	432	0	14447	14	53	354	418	15.4	0	1	S1	20
18038	NC		548	197	300	7	10044	0	83	246	259	12.375	0	0	R2	16
180272	WA	F	1055	319	421	6	16161	5	49	379	375	14	0	1801	C2	20
164986	CA	F	3142	658	768	95	23169	8	69	770	675	12.5	0	2901	S1	15
65117	MI	F	479	280	350	1	10986	2	75	304	333	5.884615385	28	5610	T3	10
93995	IL	F	2172	427	805	54	34738	9	54	625	561	3.25	0	0	U1	10
84097	MN	F	3410	710	932	80	47973	3	62	941	775	25	2	1001	S1	25
116267	TX	F	1088	421	557	3	21558	2	52	514	511	15	0	2401	S1	20
153898	CA	F	875	226	254	0	7095	14	31	224	254	6	0	0	U2	10
161627	CA	M	883	247	336	1	11712	8	63	272	310	4.944444444	2	4401	S2	21
22337	NC	female	514	239	322	0	11393	1	73	289	276	9.25	0	0	C2	10
7590	TX	F	689	344	377	4	16348	3	67	359	368	22.28571429	2	606	R2	30
108905	LA	F	708	368	441	1	14303	3	55	404	407	12.52631579	0	0	C1	20
100411	MO	M	733	337	426	0	15662	1	83	409	359	26.25	1	6607	S2	30
103488	MO	F	476	219	319	0	10966	1	74	280	272	5.434782609	0	3001	T2	10
99410	MO	F	2041	856	950	52	43661	7	68	858	943	9.833333333	0	2001	C1	17
43949	FL	M	881	297	453	3	19104	6	13	363	375	6.714285714	0	1901	C2	6
87706	MT	M	434	211	308	0	10350	1	55	299	243	11.4	1	3201	T2	12
122217	TX	F	1150	196	270	0	14466	36	35	212	245	7.666666667	0	3001	U1	5
29724	GA	F	529	259	304	0	9796	2	64	304	280	5.611111111	2	3606	R2	5
172214	CA	F	1205	399	450	3	17611	5	61	408	444	9.8	0	4803	S2	5
106719	TX	F	301	215	299	1	10813	11	63	273	262	8.982758621	28	601	U3	10
12932	Tennessee	F	910	302	548	18	23312	4	58	415	421	12.23076923	28	4704	C2	21
190726	MD	F	875	391	425	0	14468	3	71	415	381	11.42857143	2	508	0	10
127511	TX	F	945	398	563	0	19790	6	53	578	446	17.18181818	2	4104	S1	23
56337	KY	F	714	187	376	0	13679	0	83	290	282	12.07142857	0	3710	T2	15
113692	OK	M	763	316	398	1	12903	4	29	334	378	5.5	1	5101	T1	8
79850	WI	male	515	258	327	3	11337	1	81	276	302	5.857142857	2	1401	R2	10
28796	GA	M	448	192	299	1	9533	1	88	241	254	8.294117647	2	0	R2	10
131032	CO	F	524	264	325	0	11359	0	36	269	329	11.8	0	5801	T2	25
86318	SD	F	397	166	274	3	10630	1	61	211	227	8.96875	2	0	R2	5
63725	IN	M	637	286	371	1	13061	1	76	316	335	25	1002	2301	R2	25
63572	IN	F	778	377	527	5	17251	0	71	422	447	5.821818182	0	4102	R1	12
139663	NM	F	1008	360	426	3	14990	4	40	397	388	8.916666667	28	0	S1	5
104848	KS	F	993	285	399	0	20996	5	18	366	329	5.235294118	0	1501	S1	7
150776	CA	F	1149	222	273	0	9856	22	56	263	250	6.619047619	28028	4112	U3	8
43104	CA	F	5000	498	782	92	35814	18	31	700	632	5.840909091	1	5708	C1	9
162254	CA	F	5564	839	892	99	32899	9	54	860	860	19.16666667	0	5801	S1	35
52902	Tennessee	F	929	505	606	4	22435	4	53	546	561	15	28	0	C1	17
79213	WI	male	575	318	414	0	12909	0	89	341	379	8.473684211	2	2903	R2	12
178432	WA	F	1627	456	586	30	20311	6	53	508	537	9.266666667	2	2806	S1	14
11267	MI	F	428	208	293	0	10491	1	85	243	268	6.461538462	2	1002	R2	6
129468	CO	F	717	333	360	0	11669	3	58	341	344	25	0	5301	S2	20
54134	Tennessee	M	452	193	270	0	9283	0	79	256	230	5.64	1	1601	T3	10
162492	CA	F	2625	513	523	93	15740	10	65	533	517	12.82608696	0	3710	S1	10
13342	CA	F	2113	422	532	58	19377	7	63	450	502	9	0	4601	U1	5
169323	CA	F	1104	266	319	1	9833	18	57	275	323	2.637931034	0	2608	S2	3
125444	TX	M	362	208	255	0	7220	9	85	217	238	7.142857143	1	4811	U4	10
70076	MI	M	403	327	364	0	15337	3	80	375	304	7.32	1	3407	S3	10
4048	IL	F	1014	262	350	15	10522	45	40	273	306	11.1875	0	3401	U2	17
68669	MI	F	732	377	453	0	14455	6	70	478	396	9.5	0	1801	S2	15
155943	CA	M	1309	409	432	1	12004	7	58	419	424	12	1	2201	C2	12
40968	FL	F	961	297	386	2	12625	5	47	341	366	13.66666667	0	0	T2	17
101109	MO	F	883	468	517	0	15167	1	69	503	493	13.8	0	2801	C1	10
14279	CO	M	1285	474	584	12	21521	4	39	510	535	5.1875	2	5701	T1	11
83887	MN	F	889	272	450	0	14767	3	69	398	341	16	2	6801	S2	17
17089	NC	female	609	257	323	0	10569	0	95	338	299	6	0	0	R2	5
92183	IL	F	1240	395	550	6	19153	4	70	496	436	5.375	28	1101	C1	5
65374	MI	M	426	267	343	0	13836	9	71	315	314	16.75	1	2608	U4	20
27082	TX	M	792	260	396	8	14354	3	66	320	337	11.33333333	1	4612	S2	10
108115	LA	M	801	487	550	0	15880	7	73	523	509	13.27272727	1	3511	S1	100
86278	SD	M	554	294	344	0	10936	2	58	319	287	7.529411765	1	3201	C2	9
87904	IL	M	1141	453	536	1	17140	4	74	498	481	8.615384615	1	3209	U2	21
5798	TX	U	872	534	607	1	19255	1	63	548	594	79.16666667	0	6501	S1	50
115289	OK	F	848	372	426	3	13972	1	72	386	404	10	0	3801	T3	25
186185	CO	M	985	478	591	3	20164	3	50	495	508	12.125	1	2010	S1	15
74589	MI	F	795	442	627	7	22204	8	71	475	557	9	0	5401	T1	12
65558	MI	F	556	317	346	0	11613	2	82	324	313	5.263157895	0	5612	U3	10
22696	SC	F	630	279	371	2	12137	1	85	323	329	11.5	0	6201	R2	20
387	IN	F	789	413	447	0	14123	5	72	430	425	5.833333333	2	0	T2	5
98033	IL	F	152	152	267	0	9395	0	80	200	204	14.66666667	2	1912	R3	20
110308	LA	F	1384	554	749	19	27245	2	53	643	667	8	0	3701	C1	15
3496	TX	M	688	562	596	0	18272	11	46	564	582	12	1	6703	C1	10
138262	Arizona	Female	569	156	202	0	7914	9	38	158	187	5.166666667	28	6201	C2	5
80437	WI	male	491	227	358	0	14229	2	81	323	276	11.84615385	1	6702	C2	10
186580	TX	F	651	197	284	2	9858	1	70	250	252	8.277777778	0	3007	T2	5
8863	FL	M	1307	310	450	17	23204	13	19	381	383	18	1	5503	U2	40
120734	TX	F	241	164	290	0	9397	3	85	241	231	8.466666667	0	0	R3	5
149414	CA	F	4240	714	919	95	49256	26	38	814	830	8.466666667	0	4606	U2	9
79900	WI	F	617	221	289	0	9366	2	75	247	249	24.22222222	0	2905	R2	50
154158	CA	F	838	163	241	5	6653	50	42	176	235	6.666666667	0	3601	R2	7
23146	SC	M	688	402	475	0	16158	1	64	432	442	9.4	1	2801	C1	5
1617	CA	F	5970	1386	1273	98	62822	24	34	1496	1208	10.18181818	0	2201	S1	15
68022	MI	F	435	304	365	0	12197	0	62	322	325	10	0	3104	U2	15
44705	FL	F	677	242	302	2	13521	7	8	261	282	9.8	28	2601	C2	15
49943	FL	M	980	335	435	12	14977	8	13	387	381	11	1	4001	R2	10
24152	SC	M	788	225	343	4	12754	2	47	275	299	6.789473684	1	2406	T2	8
136645	Arizona	J	950	199	433	17	21071	33	11	371	361	9	1002	3801	S3	10
58597	KY	M	295	155	223	0	8290	1	81	161	199	25.11111111	1	1707	T3	50
165628	CA	M	1831	280	380	31	13119	22	41	324	313	5.166666667	1	2601	U2	5
45201	FL	M	817	282	473	13	36395	6	9	288	413	7.666666667	1	0	U2	11
34735	FL	F	838	354	437	1	17115	8	22	374	402	15	0	3601	S3	20
6845	ID	F	551	232	310	0	11759	1	56	297	252	16.86666667	0	2004	T2	20
181799	WA	male	2049	442	626	51	24413	5	43	448	573	25.4	0	0	C1	35
88153	IL	F	1380	385	485	11	16768	17	73	449	417	8.0625	2	4801	S2	13
92514	IL	F	1499	408	479	32	15991	2	71	419	444	9.2	0	6901	S1	15
183954	WA	male	507	243	326	0	10337	1	59	335	265	11.66666667	0	2201	C3	10
141134	NV	M	603	199	280	1	12768	9	9	261	233	6.333333333	1	2601	U4	9
66532	MI	M	407	318	399	0	12183	3	75	324	383	5	1	6801	U4	2
7924	TX	F	471	230	302	1	10209	2	80	268	273	9	0	1912	0	12
27890	GA	F	929	403	467	8	15864	2	61	420	418	7.833333333	0	4801	T1	10
58649	KY	F	521	258	371	0	13218	0	87	330	315	8.75	0	2201	C2	10
47371	AL	F	288	129	167	0	7079	0	96	164	131	5.285714286	0	2107	C3	5
26887	GA	F	914	522	560	1	17163	3	30	542	540	25	28	4801	S1	30
80577	WI	F	466	270	354	0	11581	2	78	309	318	11.66666667	0	6001	0	10
61933	IN	M	534	292	388	2	13534	5	70	306	363	20	0	0	C2	20
174358	OR	M	1550	456	709	24	22772	8	39	613	549	17.5	1	4201	S2	10
133555	ID	F	575	231	269	0	9659	5	58	245	248	15	0	4701	T2	21
82457	MN	F	687	230	267	0	11087	6	73	219	261	4.592105263	0	5301	U3	5
23065	SC	F	810	408	469	1	15766	3	53	421	455	12.83333333	0	4809	S1	20
88856	IL	F	2347	615	870	68	61923	13	63	736	786	3.055555556	2	3501	S1	4
168393	CA	M	2298	290	322	72	13270	21	51	302	308	25	4	4001	U2	25
143936	CA	M	4956	805	1058	95	64234	15	31	1081	861	32.5	1	5101	U1	55
86436	ND	M	857	245	320	0	12951	0	62	282	275	5.628571429	1	3011	S2	5
138311	AZ	Female	1708	437	684	36	29098	7	19	586	551	9.769230769	2	1403	S1	20
123469	TX	M	561	493	540	1	16623	5	68	529	506	5.2	0	0	T2	5
135341	AZ	Female	700	205	295	0	12713	9	12	221	276	12.85714286	0	0	C2	12
33284	FL	M	696	303	369	1	11637	1	65	339	323	22.5	1	3001	C1	20
180837	WA	male	1039	279	435	4	15485	2	58	376	338	25	1	3101	C2	50
37747	FL	M	1909	473	779	45	25255	32	34	688	648	13.375	1	6006	U1	18
108983	LA	M	535	165	199	0	7220	0	92	154	200	12	0	2412	C2	17
34591	FL	M	835	413	410	0	14004	7	20	414	429	19.66666667	1	3401	S2	23
100691	MO	M	553	196	236	0	9705	1	76	193	236	4	0	1305	C3	5
95347	IL	M	652	247	381	0	13469	1	72	354	306	8.222222222	1	3705	T2	7
14717	CO	F	1125	205	131	0	21600	3	26	138	281	6.458333333	28	2610	U2	15
63612	IN	F	416	209	243	0	10117	0	76	221	229	13.5	0	6801	C2	18
21097	NC	M	623	273	319	0	10923	2	53	300	293	15	1	0	T2	25
178598	WA	F	1516	519	548	16	20117	17	44	555	527	4.166666667	0	4701	S1	4
81630	WI	F	182	78	209	0	8279	2	59	181	126	4.352941177	0	0	C3	12
57087	KY	M	821	259	334	1	10613	1	80	298	304	11.66666667	1	4601	R2	15
81985	WI	male	486	274	336	0	11085	0	83	327	289	7.545454545	0	6611	R2	14
148795	CA	M	2259	557	603	71	18914	18	48	567	600	6.4	0	5401	S1	10
78778	WI	male	659	315	399	0	14721	9	83	365	356	13.16666667	1	2706	S2	21
121256	TX	M	423	294	360	0	10114	6	73	323	322	9.695652174	1	0	S3	15
177041	OR	F	661	259	327	3	11461	1	47	286	292	12.5	2	0	R2	15
141209	CO	M	660	203	262	0	12060	10	43	238	223	15.33333333	0	0	S2	10
75346	IA	M	349	228	311	0	10584	4	76	308	259	8.111111111	0	2801	R2	15
187318	NC	female	550	249	360	1	12591	2	79	356	293	12.5	0	0	T2	18
22119	NC	M	508	193	280	5	9443	0	74	224	245	9.428571429	1	1902	R2	10
22149	NC	M	639	228	333	2	12224	1	77	269	289	9.25	1	0	R2	20
32622	FL	M	533	201	286	4	10597	3	25	230	256	23.83333333	1	805	R2	47
76758	IA	F	275	282	331	0	11044	0	89	319	288	5.916666667	0	2801	R2	10
161838	CA	F	1953	304	380	47	13811	25	43	353	337	13.5	0	4212	C2	14
70863	MI	M	494	269	373	0	12815	1	93	331	316	6.571428571	1	1803	R2	20
143996	CA	F	5951	1184	1093	99	80928	25	36	1330	1060	7.083333333	28	4912	S1	10
4314	IL	F	678	267	370	1	11401	0	63	288	352	5.448275862	0	2210	U2	6
5835	MN	F	404	256	347	0	11126	1	88	295	304	10.54761905	28	0	R2	30
3891	TX	F	283	212	333	0	9043	0	60	291	288	19.16666667	2	1501	T2	25
87775	IL	F	1554	615	737	25	22600	6	77	663	689	14.5	0	4908	U1	20
9727	CA	F	5908	1122	1088	98	81205	8	48	1267	991	81.25	0	4201	U1	25
188841	NM	F	848	219	390	1	14894	6	30	288	299	16	28	0	C1	10
15046	NC	female	595	289	381	0	13060	0	85	346	330	2.636363636	0	3801	R2	10
43781	FL	M	1069	198	367	7	16759	5	15	257	308	6.125	1	3001	C2	10
182319	WA	male	874	355	418	2	13393	1	58	370	389	4.04	2	1406	C2	10
130369	CO	F	1017	496	554	0	21385	1	47	510	537	18.17647059	28	4106	S1	50
147758	CA	F	5643	772	971	98	55164	7	36	939	828	13.33333333	0	0	U1	25
18761	NC	female	714	425	432	0	13695	4	60	434	419	9.083333333	0	4801	T2	15
104234	MO	M	915	506	561	1	18191	0	60	513	559	9.142857143	0	5507	S1	18
30185	GA	F	748	352	423	1	13998	1	62	372	369	10	0	6401	T2	30
30907	GA	M	803	450	597	2	21132	8	41	495	547	15	1	0	T2	15
105371	KS		208	201	296	0	11136	0	79	242	255	17.17647059	0	3204	R3	20
57058	KY	M	432	174	279	1	8763	0	73	230	223	11.1	0	2001	R2	25
160851	CA	M	1485	399	469	4	15254	9	60	478	432	12.875	0	4004	C2	16
163546	CA	M	4169	540	667	95	24535	29	41	670	570	11.85714286	1	4301	U1	15
176053	OR	M	0	0	0	0	0	0	0	0	0	9	1	4210	U3	12
149534	CA	F	5000	850	931	98	39028	16	42	931	862	25	28	0	S1	30
156152	CA	F	1115	313	391	4	16625	9	37	340	354	11.4375	2	2501	T2	16
67177	MI	F	709	504	539	0	17801	2	79	515	522	9.9375	0	2609	S2	12
34475	FL	M	696	277	355	2	12415	3	51	314	325	20.4	2	3009	R2	20
114803	OK	F	911	384	613	16	31001	2	58	496	497	6.333333333	28	0	C1	20
15332	NC	M	723	371	456	0	18915	6	47	414	398	6.538461539	1	1701	C1	10
74235	MI	M	473	327	363	1	12580	0	94	338	348	13.5	4	4912	T2	26
167039	CA		3201	497	591	92	19656	9	72	552	539	5	0	0	S1	5
165509	CA	M	2213	447	491	77	16702	7	62	447	491	4.95	0	0	C1	10
151653	CA		1455	376	426	7	14860	19	39	417	393	6.35	0	2401	U3	10
100132	MO	F	393	216	301	0	10107	0	71	258	258	10	0	2401	S2	15
161726	CA	F	2453	438	475	86	15707	16	45	451	436	5.8125	0	4601	T1	7
125986	TX	M	533	246	308	1	10096	3	75	276	287	13.375	0	4610	T2	17
185394	MI	F	647	285	338	0	12910	7	80	317	300	8.916666667	2	2702	S2	5
43799	FL	F	1044	366	499	15	22427	8	35	318	458	13.16666667	2	5801	T2	20
161838	CA	F	1953	304	380	47	13811	25	43	353	337	13.5	0	4212	C2	14
161838	CA	F	1953	304	380	47	13811	25	43	353	337	13.5	0	4212	C2	14
161838	CA	F	1953	304	380	47	13811	25	43	353	337	13.5	0	4212	C2	14
138311	AZ	Female	1708	437	684	36	29098	7	19	586	551	9.769230769	2	1403	S1	20
123469	TX	M	561	493	540	1	16623	5	68	529	506	5.2	0	0	T2	5
135341	AZ	Female	700	205	295	0	12713	9	12	221	276	12.85714286	0	0	C2	12